          10           0           2
   0.00000000    
   7.00649232E-45
   0.00000000    
   1.00000000    
   0.00000000    
   1.00000000    
   0.00000000    
   1.00000000    
   0.00000000    
   1.00000000    
   0.00000000    
   1.00000000    
   0.00000000    
   1.40129846E-45
   1.40129846E-45
   1.40129846E-45
   1.40129846E-45
   1.40129846E-45
   1.40129846E-45
   1.40129846E-45
   1.40129846E-45
   1.40129846E-45
   1.40129846E-45
   1.40129846E-45
   1.40129846E-45
   1.40129846E-45
   1.40129846E-45
   1.40129846E-45
   1.40129846E-45
   1.40129846E-45
   1.40129846E-45
   1.40129846E-45
   1.40129846E-45
   1.40129846E-45
   1.40129846E-45
   1.40129846E-45
   1.40129846E-45
   1.40129846E-45
   1.40129846E-45
   1.40129846E-45
   1.40129846E-45
   1.40129846E-45
   1.00000000    
   0.00000000    
   0.00000000    
   1.00000000    
