|        X/Y|-0.1000E+01|-0.9000E+00|-0.8000E+00|-0.7000E+00|-0.6000E+00|-0.5000E+00|-0.4000E+00|-0.3000E+00|-0.2000E+00|-0.1000E+00| 0.0000E+00| 0.1000E+00| 0.2000E+00| 0.3000E+00| 0.4000E+00| 0.5000E+00| 0.6000E+00| 0.7000E+00| 0.8000E+00| 0.9000E+00| 0.1000E+01|
-------------------------------------------------------------------------------------------------------------------------------------------------------------------------------------------------------------------------------------------------------------------------
|-0.1000E+01|        N/D|        N/D|        N/D|        N/D|        N/D|        N/D|        N/D|        N/D|        N/D|        N/D| 0.3142E+01| 0.2691E+01| 0.2498E+01| 0.2346E+01| 0.2214E+01| 0.2094E+01| 0.1982E+01| 0.1875E+01| 0.1772E+01| 0.1671E+01| 0.1571E+01|
-------------------------------------------------------------------------------------------------------------------------------------------------------------------------------------------------------------------------------------------------------------------------
|-0.9000E+00|        N/D|        N/D|        N/D|        N/D|        N/D|        N/D|        N/D|        N/D|        N/D| 0.3141E+01| 0.2691E+01| 0.2498E+01| 0.2346E+01| 0.2214E+01| 0.2094E+01| 0.1982E+01| 0.1875E+01| 0.1772E+01| 0.1671E+01| 0.1571E+01| 0.1471E+01|
-------------------------------------------------------------------------------------------------------------------------------------------------------------------------------------------------------------------------------------------------------------------------
|-0.8000E+00|        N/D|        N/D|        N/D|        N/D|        N/D|        N/D|        N/D|        N/D| 0.3141E+01| 0.2691E+01| 0.2498E+01| 0.2346E+01| 0.2214E+01| 0.2094E+01| 0.1982E+01| 0.1875E+01| 0.1772E+01| 0.1671E+01| 0.1571E+01| 0.1471E+01| 0.1369E+01|
-------------------------------------------------------------------------------------------------------------------------------------------------------------------------------------------------------------------------------------------------------------------------
|-0.7000E+00|        N/D|        N/D|        N/D|        N/D|        N/D|        N/D|        N/D| 0.3141E+01| 0.2691E+01| 0.2498E+01| 0.2346E+01| 0.2214E+01| 0.2094E+01| 0.1982E+01| 0.1875E+01| 0.1772E+01| 0.1671E+01| 0.1571E+01| 0.1471E+01| 0.1369E+01| 0.1266E+01|
-------------------------------------------------------------------------------------------------------------------------------------------------------------------------------------------------------------------------------------------------------------------------
|-0.6000E+00|        N/D|        N/D|        N/D|        N/D|        N/D|        N/D| 0.3141E+01| 0.2691E+01| 0.2498E+01| 0.2346E+01| 0.2214E+01| 0.2094E+01| 0.1982E+01| 0.1875E+01| 0.1772E+01| 0.1671E+01| 0.1571E+01| 0.1471E+01| 0.1369E+01| 0.1266E+01| 0.1159E+01|
-------------------------------------------------------------------------------------------------------------------------------------------------------------------------------------------------------------------------------------------------------------------------
|-0.5000E+00|        N/D|        N/D|        N/D|        N/D|        N/D| 0.3141E+01| 0.2691E+01| 0.2498E+01| 0.2346E+01| 0.2214E+01| 0.2094E+01| 0.1982E+01| 0.1875E+01| 0.1772E+01| 0.1671E+01| 0.1571E+01| 0.1471E+01| 0.1369E+01| 0.1266E+01| 0.1159E+01| 0.1047E+01|
-------------------------------------------------------------------------------------------------------------------------------------------------------------------------------------------------------------------------------------------------------------------------
|-0.4000E+00|        N/D|        N/D|        N/D|        N/D| 0.3141E+01| 0.2691E+01| 0.2498E+01| 0.2346E+01| 0.2214E+01| 0.2094E+01| 0.1982E+01| 0.1875E+01| 0.1772E+01| 0.1671E+01| 0.1571E+01| 0.1471E+01| 0.1369E+01| 0.1266E+01| 0.1159E+01| 0.1047E+01| 0.9273E+00|
-------------------------------------------------------------------------------------------------------------------------------------------------------------------------------------------------------------------------------------------------------------------------
|-0.3000E+00|        N/D|        N/D|        N/D| 0.3141E+01| 0.2691E+01| 0.2498E+01| 0.2346E+01| 0.2214E+01| 0.2094E+01| 0.1982E+01| 0.1875E+01| 0.1772E+01| 0.1671E+01| 0.1571E+01| 0.1471E+01| 0.1369E+01| 0.1266E+01| 0.1159E+01| 0.1047E+01| 0.9273E+00| 0.7954E+00|
-------------------------------------------------------------------------------------------------------------------------------------------------------------------------------------------------------------------------------------------------------------------------
|-0.2000E+00|        N/D|        N/D| 0.3141E+01| 0.2691E+01| 0.2498E+01| 0.2346E+01| 0.2214E+01| 0.2094E+01| 0.1982E+01| 0.1875E+01| 0.1772E+01| 0.1671E+01| 0.1571E+01| 0.1471E+01| 0.1369E+01| 0.1266E+01| 0.1159E+01| 0.1047E+01| 0.9273E+00| 0.7954E+00| 0.6435E+00|
-------------------------------------------------------------------------------------------------------------------------------------------------------------------------------------------------------------------------------------------------------------------------
|-0.1000E+00|        N/D| 0.3141E+01| 0.2691E+01| 0.2498E+01| 0.2346E+01| 0.2214E+01| 0.2094E+01| 0.1982E+01| 0.1875E+01| 0.1772E+01| 0.1671E+01| 0.1571E+01| 0.1471E+01| 0.1369E+01| 0.1266E+01| 0.1159E+01| 0.1047E+01| 0.9273E+00| 0.7954E+00| 0.6435E+00| 0.4510E+00|
-------------------------------------------------------------------------------------------------------------------------------------------------------------------------------------------------------------------------------------------------------------------------
| 0.0000E+00| 0.3142E+01| 0.2691E+01| 0.2498E+01| 0.2346E+01| 0.2214E+01| 0.2094E+01| 0.1982E+01| 0.1875E+01| 0.1772E+01| 0.1671E+01| 0.1571E+01| 0.1471E+01| 0.1369E+01| 0.1266E+01| 0.1159E+01| 0.1047E+01| 0.9273E+00| 0.7954E+00| 0.6435E+00| 0.4510E+00|        N/D|
-------------------------------------------------------------------------------------------------------------------------------------------------------------------------------------------------------------------------------------------------------------------------
| 0.1000E+00| 0.2691E+01| 0.2498E+01| 0.2346E+01| 0.2214E+01| 0.2094E+01| 0.1982E+01| 0.1875E+01| 0.1772E+01| 0.1671E+01| 0.1571E+01| 0.1471E+01| 0.1369E+01| 0.1266E+01| 0.1159E+01| 0.1047E+01| 0.9273E+00| 0.7954E+00| 0.6435E+00| 0.4510E+00|        N/D|        N/D|
-------------------------------------------------------------------------------------------------------------------------------------------------------------------------------------------------------------------------------------------------------------------------
| 0.2000E+00| 0.2498E+01| 0.2346E+01| 0.2214E+01| 0.2094E+01| 0.1982E+01| 0.1875E+01| 0.1772E+01| 0.1671E+01| 0.1571E+01| 0.1471E+01| 0.1369E+01| 0.1266E+01| 0.1159E+01| 0.1047E+01| 0.9273E+00| 0.7954E+00| 0.6435E+00| 0.4510E+00|        N/D|        N/D|        N/D|
-------------------------------------------------------------------------------------------------------------------------------------------------------------------------------------------------------------------------------------------------------------------------
| 0.3000E+00| 0.2346E+01| 0.2214E+01| 0.2094E+01| 0.1982E+01| 0.1875E+01| 0.1772E+01| 0.1671E+01| 0.1571E+01| 0.1471E+01| 0.1369E+01| 0.1266E+01| 0.1159E+01| 0.1047E+01| 0.9273E+00| 0.7954E+00| 0.6435E+00| 0.4510E+00|        N/D|        N/D|        N/D|        N/D|
-------------------------------------------------------------------------------------------------------------------------------------------------------------------------------------------------------------------------------------------------------------------------
| 0.4000E+00| 0.2214E+01| 0.2094E+01| 0.1982E+01| 0.1875E+01| 0.1772E+01| 0.1671E+01| 0.1571E+01| 0.1471E+01| 0.1369E+01| 0.1266E+01| 0.1159E+01| 0.1047E+01| 0.9273E+00| 0.7954E+00| 0.6435E+00| 0.4510E+00|        N/D|        N/D|        N/D|        N/D|        N/D|
-------------------------------------------------------------------------------------------------------------------------------------------------------------------------------------------------------------------------------------------------------------------------
| 0.5000E+00| 0.2094E+01| 0.1982E+01| 0.1875E+01| 0.1772E+01| 0.1671E+01| 0.1571E+01| 0.1471E+01| 0.1369E+01| 0.1266E+01| 0.1159E+01| 0.1047E+01| 0.9273E+00| 0.7954E+00| 0.6435E+00| 0.4510E+00|        N/D|        N/D|        N/D|        N/D|        N/D|        N/D|
-------------------------------------------------------------------------------------------------------------------------------------------------------------------------------------------------------------------------------------------------------------------------
| 0.6000E+00| 0.1982E+01| 0.1875E+01| 0.1772E+01| 0.1671E+01| 0.1571E+01| 0.1471E+01| 0.1369E+01| 0.1266E+01| 0.1159E+01| 0.1047E+01| 0.9273E+00| 0.7954E+00| 0.6435E+00| 0.4510E+00|        N/D|        N/D|        N/D|        N/D|        N/D|        N/D|        N/D|
-------------------------------------------------------------------------------------------------------------------------------------------------------------------------------------------------------------------------------------------------------------------------
| 0.7000E+00| 0.1875E+01| 0.1772E+01| 0.1671E+01| 0.1571E+01| 0.1471E+01| 0.1369E+01| 0.1266E+01| 0.1159E+01| 0.1047E+01| 0.9273E+00| 0.7954E+00| 0.6435E+00| 0.4510E+00|        N/D|        N/D|        N/D|        N/D|        N/D|        N/D|        N/D|        N/D|
-------------------------------------------------------------------------------------------------------------------------------------------------------------------------------------------------------------------------------------------------------------------------
| 0.8000E+00| 0.1772E+01| 0.1671E+01| 0.1571E+01| 0.1471E+01| 0.1369E+01| 0.1266E+01| 0.1159E+01| 0.1047E+01| 0.9273E+00| 0.7954E+00| 0.6435E+00| 0.4510E+00|        N/D|        N/D|        N/D|        N/D|        N/D|        N/D|        N/D|        N/D|        N/D|
-------------------------------------------------------------------------------------------------------------------------------------------------------------------------------------------------------------------------------------------------------------------------
| 0.9000E+00| 0.1671E+01| 0.1571E+01| 0.1471E+01| 0.1369E+01| 0.1266E+01| 0.1159E+01| 0.1047E+01| 0.9273E+00| 0.7954E+00| 0.6435E+00| 0.4510E+00|        N/D|        N/D|        N/D|        N/D|        N/D|        N/D|        N/D|        N/D|        N/D|        N/D|
-------------------------------------------------------------------------------------------------------------------------------------------------------------------------------------------------------------------------------------------------------------------------
| 0.1000E+01| 0.1571E+01| 0.1471E+01| 0.1369E+01| 0.1266E+01| 0.1159E+01| 0.1047E+01| 0.9273E+00| 0.7954E+00| 0.6435E+00| 0.4510E+00|        N/D|        N/D|        N/D|        N/D|        N/D|        N/D|        N/D|        N/D|        N/D|        N/D|        N/D|
-------------------------------------------------------------------------------------------------------------------------------------------------------------------------------------------------------------------------------------------------------------------------
