   4.004
  19.397
 -23.827
 -85.395
  -6.300
 -45.598
 -58.721
 -18.662
-107.952
  57.392
  71.042
  84.098
-174.018
 -55.815
   9.515
 -34.591
 166.858
 126.181
   0.621
  35.150
 -57.051
  -0.258
 130.987
  66.788
 -63.369
 -21.697
  16.140
   0.906
 -66.637
-156.693
  84.474
  25.060
 -61.306
 -70.914
 -49.403
 -19.051
  81.235
 -65.192
  11.001
-120.804
  -8.034
  62.766
   2.993
  57.063
 -27.823
  68.775
 -47.916
  87.312
  30.681
 -28.624
-123.571
  70.619
-115.413
 106.057
  95.651
 120.816
   6.976
 -91.219
 -51.726
  56.210
  51.345
 -67.992
 -35.327
 -43.316
 -56.087
  52.545
   7.931
 111.739
 -38.642
 -60.487
  46.024
  37.384
  35.743
 -40.678
   8.604
  53.815
-137.411
 146.083
 -45.605
 -36.776
-126.280
 -23.579
 -86.067
 -29.448
 -78.148
  51.011
 -98.924
  -7.409
  32.445
  23.903
-107.409
  37.465
-145.278
-127.425
 -62.932
  38.548
  58.832
  14.966
  24.046
   2.839
  32.633
  -9.996
  13.428
 -47.452
 -35.698
 -41.747
 -17.420
 -30.260
  86.910
 111.794
 218.054
  -2.685
  65.642
 -27.500
 -40.243
  61.994
 -35.968
  21.170
 -19.501
 -55.330
 113.339
  67.820
  -1.634
 -51.015
  35.982
 101.510
  69.548
  31.901
  41.378
  19.211
 -61.370
 121.541
  23.097
  57.374
   5.087
  17.825
 -52.474
 101.115
  83.938
 -18.026
 -16.260
 -10.297
  31.953
 -78.237
 -20.552
  57.482
  11.003
  72.869
  54.929
-147.982
 -34.644
  80.455
   6.462
 127.800
 -59.776
-126.596
  95.440
 -88.266
   1.032
  18.798
 -33.905
  34.652
  46.768
  -4.559
  13.713
 -27.224
  80.784
  -3.194
 -65.576
  85.754
  45.400
 -37.748
  -9.310
-103.827
-138.681
 -46.776
 -36.983
 -47.249
 160.237
 130.475
 -86.806
 -16.267
 -33.098
 -54.087
 135.484
  77.226
  43.492
 -47.694
-126.132
  55.109
 193.449
  60.281
 -17.849
  26.713
 -37.076
  22.454
  73.795
 -59.703
  27.661
 -40.103
  42.279
 105.874
 -13.301
  10.939
-101.615
 -95.035
 -87.581
 145.333
   3.563
  83.449
  -9.769
 -22.429
  47.435
 -16.857
 -75.419
 -24.365
 -23.045
  52.435
  51.686
 104.194
  -6.308
-123.317
-103.985
 169.184
  -1.359
  -7.254
  13.208
  30.879
  -6.630
 -29.248
  -0.555
 -31.008
 141.016
 -91.058
  98.445
-174.513
  44.203
 -30.891
 130.237
  51.888
  30.180
  94.683
 -67.304
  60.494
 -61.105
 -65.058
 -38.661
 -32.492
  15.686
  64.176
  85.652
 -45.513
 -50.795
 -70.640
 110.381
  96.632
  27.669
 -17.761
   6.309
  77.942
 -13.316
 103.203
 -25.120
  45.121
  59.461
  56.886
 -43.839
  60.118
 -25.686
 -75.410
 -28.169
 -21.308
  19.874
 -76.608
  41.926
  11.775
  39.154
 -31.772
  -5.897
  -7.361
 -15.874
  78.862
 -84.872
-102.108
  53.714
 141.236
-114.131
  65.829
  15.806
   5.320
 -16.404
 -62.422
 161.541
 -88.872
-145.027
  63.661
 -12.561
 -67.970
  71.279
-142.446
  73.729
  14.369
  81.383
  73.597
   8.173
 -66.304
  51.197
 109.408
 -66.786
 -95.373
-120.990
 -31.416
  62.737
  67.803
 -33.644
 -47.557
-138.309
 -63.239
 -31.088
-158.428
  36.427
  18.119
 -32.742
 -44.199
-136.038
 -72.195
  39.436
  85.279
  18.691
-101.941
-138.242
   5.261
  22.738
 -24.650
  23.820
 -38.746
 -77.827
 -21.308
  -8.891
 -61.917
 -53.878
 -59.035
  85.299
  57.434
 -32.152
  21.059
 -62.693
  18.770
 -93.932
  42.847
  29.020
  70.358
   1.424
  18.813
  -8.182
  60.336
  22.310
-106.673
  45.242
  -4.348
   7.464
 -49.099
  25.838
  35.475
   5.776
 -41.896
 -58.082
  12.449
  20.646
  67.588
  51.030
 -33.315
  -6.219
 169.702
 118.375
 106.440
-172.809
-118.868
 -15.734
 -81.170
 186.034
 -20.761
 -32.247
 -74.376
  67.425
 117.636
  74.913
   1.534
 -82.195
 -47.852
 -41.896
 -90.631
 102.392
   8.847
 109.183
  35.242
  48.959
 -88.079
 -61.859
 129.465
 -62.299
 103.048
  95.046
  -0.775
 -90.339
 -68.359
  60.717
  96.611
 -20.502
 -97.136
 -44.012
  85.022
  -8.738
 -85.763
 133.530
  10.012
 183.109
  56.208
  87.876
  72.795
  67.157
 -18.690
 -51.934
  14.040
   0.194
 -75.212
 -48.338
 -26.387
-107.414
 -24.092
-106.852
 -70.020
 -80.258
 -61.103
 113.280
 155.964
 154.313
 -73.533
 -69.788
   8.818
  99.420
 -57.098
  75.261
 160.430
 -47.785
 -70.706
  27.026
   7.617
  52.981
-117.130
  60.784
  51.610
   3.645
  99.724
-136.678
  36.752
  49.752
  93.088
-164.071
  79.596
  14.038
  41.181
 -11.718
-128.638
  47.968
  70.630
 -59.027
 -60.291
   9.274
 -43.377
  17.002
 -96.608
 127.046
  -7.114
  25.467
-168.498
  59.118
  12.622
 137.330
 203.070
  94.318
   1.524
 187.693
 109.993
 -80.032
 -10.779
   8.391
 -17.399
  25.954
  47.598
 -38.329
 -21.165
 -25.283
   5.168
 -57.378
 -18.222
  -4.408
 109.582
 -81.833
  -3.956
 -81.762
  -3.320
  98.564
   0.511
  13.552
  -1.422
  21.210
   4.711
   9.257
  -0.922
  95.808
 -35.471
-127.445
 -71.787
  60.964
 -26.491
 -81.938
 -30.482
-194.736
 -83.402
  44.008
 -28.185
 225.577
 -27.249
  90.399
 -68.788
  54.196
 -24.725
 -71.729
  39.848
  73.521
  27.381
  -5.344
  62.328
 -18.554
 -34.648
  50.967
  46.377
 101.567
 -81.949
 -26.042
 -28.717
  32.194
  72.651
  95.071
  69.338
 -91.151
  73.625
  80.886
 -22.399
-135.638
 103.218
 104.696
  -4.240
 -17.922
   1.783
  59.345
 -54.379
 -13.300
  10.474
 173.789
  64.843
-162.285
   9.264
   8.971
  79.709
  24.295
-102.791
  18.781
  46.035
  -7.467
-114.555
 -50.627
  32.759
  47.941
 -61.561
-105.180
 126.498
 -65.570
 -82.866
  29.185
 -55.854
 -24.528
 -92.867
  60.309
 100.779
-275.270
   6.631
 -82.264
-183.747
 130.328
  72.737
  19.206
  62.540
 -30.992
  -5.842
  69.369
 -14.034
  12.151
 -30.072
 -60.658
-108.700
  16.218
  10.764
  93.560
-151.002
  44.998
  63.002
  68.867
 -52.059
  18.025
-121.786
 -39.022
  57.587
  70.277
  48.748
  29.177
  83.712
  37.776
 -43.981
 -34.785
  21.921
-105.700
 -17.562
  -3.265
-125.736
   1.256
 -15.292
-100.783
 144.103
 -87.334
  -6.108
  -8.731
 -94.692
  40.861
 -78.006
  58.775
 148.560
 114.943
  83.674
 -79.161
 -89.044
 -74.687
 -75.465
  23.642
 -51.634
  89.209
 -23.577
 -69.361
  38.557
 -33.250
  65.731
 -62.096
 -65.174
  79.373
 -36.881
  30.733
  36.785
 -98.747
  -4.107
 169.748
 106.400
  -0.540
  79.704
  17.440
 -49.027
   2.835
 106.637
 -28.001
 -16.623
 131.101
-136.503
 -17.610
 -28.437
 -76.748
 -22.759
   8.355
  49.565
  -5.675
  38.734
 -30.992
  17.543
 -73.628
  -0.944
 124.107
 177.709
  39.548
  27.369
-114.174
 -31.649
 -23.026
   3.830
   1.291
 -24.725
 -69.656
-135.798
-122.802
 -46.620
  23.713
  18.820
 129.058
 -23.315
 -24.668
  -9.584
 -25.307
  -6.452
  -1.607
 -13.459
  30.857
 -33.803
 -12.212
  86.860
 -12.166
 -34.817
  30.618
  83.917
  45.148
  -2.623
 -72.314
 112.116
 -51.042
  67.039
  35.774
 -54.537
  71.242
 -52.685
 -72.826
  -4.288
  59.711
  44.732
 -55.872
 127.726
 -71.720
 -26.716
 -31.531
  -4.497
 -22.708
-100.410
  10.308
 -75.744
  71.632
 -30.216
 -61.840
 -63.173
 -39.467
  75.921
  54.370
 -29.531
-112.658
-111.144
 -17.870
 -46.490
 -20.187
-204.453
  87.531
   5.586
-104.429
  60.359
  66.216
-110.659
 146.131
 104.582
  30.966
 134.505
 -76.711
  65.024
-160.554
-221.797
  40.395
  84.461
  11.138
-115.696
 129.568
  50.317
  12.305
-106.598
  90.437
 104.160
 -26.684
-157.151
 -10.309
 -34.201
 -56.313
-157.244
  -3.399
  -2.561
 -67.220
  17.456
  37.196
-126.346
  74.641
 -40.621
  37.567
-156.070
  46.923
  76.945
-152.879
-150.727
 186.166
-120.076
 -18.608
 -45.288
 -55.450
 -50.329
  21.838
   4.712
 -83.400
  56.914
 -97.159
  39.885
  58.502
  14.514
  37.581
  16.291
 -58.458
 -58.447
  17.884
  -8.056
  18.643
 -27.864
  68.344
 -19.181
 -36.673
 -18.892
 -77.961
 -28.687
 110.409
 -13.234
 -75.341
 -57.408
   0.422
 -99.295
  -5.434
  63.592
  10.836
  46.446
  76.540
-147.308
 -40.646
  -6.667
 -33.404
 -67.275
   3.104
 -37.554
 -35.054
 146.778
 -43.585
-139.915
  -5.840
  -4.266
 138.511
-132.439
  33.440
 -84.084
  95.366
  25.012
  36.052
 127.072
 -34.609
-102.043
  67.012
-124.007
 -88.782
   4.830
 -77.725
   8.801
   9.482
 -18.866
   0.566
 -25.362
-125.246
  31.249
  55.417
-157.800
 -21.554
-149.510
 112.864
  49.918
 -10.809
 -83.533
 -39.633
 -10.998
 -49.641
   1.091
 -71.297
   9.447
-181.929
  80.305
 -32.534
  90.058
 -80.149
 -22.839
 -28.966
   7.496
  36.862
   7.905
 -18.716
  15.767
 -11.543
  76.626
 184.111
  34.732
 -27.554
  70.179
 144.918
  10.065
-129.183
 -80.370
  87.849
 -34.036
-125.702
   4.340
  82.896
 -15.714
  59.819
 -42.038
 -11.497
 -15.552
-128.408
  53.152
  88.017
 105.090
 -93.471
 184.706
 -26.438
  20.368
 149.439
  59.295
 -33.484
 -45.351
   7.783
 -10.797
  12.143
 -52.024
   0.111
  -7.639
 -17.116
 -12.544
  75.191
-116.468
  12.433
 -80.062
  17.994
 -94.252
  51.264
 182.130
-181.299
 145.216
-109.103
  27.016
-113.841
  74.078
  31.869
-180.880
  41.607
 -84.952
 -98.826
  30.109
   1.983
  50.892
 -45.722
-100.835
 -66.850
 -10.220
  59.648
  29.940
  31.650
  52.083
   5.610
 -46.317
-120.545
  23.914
 -46.056
 139.863
-137.244
 -84.530
-159.420
 -13.227
  39.882
 116.484
 -45.765
-105.445
 143.069
  30.781
 -43.276
   5.576
 105.034
-111.923
  27.050
-105.032
   2.383
  -7.902
 114.501
 -25.095
  46.091
 151.390
 -70.314
 -81.111
   9.049
-113.550
  70.331
  96.459
  17.203
 -95.604
-104.480
  45.040
 109.096
 122.539
 -53.859
 -78.045
  39.042
 -56.153
 -70.815
  -3.566
   1.671
 -93.704
 -75.021
 -97.625
 146.931
 161.356
-174.713
  13.363
  58.539
  68.616
-154.705
 -14.176
  12.746
   6.812
  -0.448
 -48.348
   3.375
  18.675
  28.438
   1.643
 -29.273
 -14.576
 181.048
  45.700
-100.852
 165.650
   4.212
  28.854
 -17.784
  -9.195
 -85.537
 -25.819
 -98.885
 -61.020
 -21.649
 -49.296
 -46.934
 108.804
 -63.690
  26.591
  -0.570
-106.237
   3.826
  12.753
-102.299
  -8.591
   3.126
 -81.568
  31.921
 -16.767
 -76.373
-133.029
 -68.145
  35.140
 139.481
  -3.837
 -31.755
 262.941
  33.742
  93.032
-167.360
  70.016
 113.091
  62.956
 116.272
 -59.516
 -25.034
  24.330
 -94.819
 -12.479
  32.388
  98.871
 -18.248
  83.271
 -87.962
  81.553
 -98.496
-200.954
 -43.535
 -96.420
 -46.974
-113.268
 -69.845
  -4.720
  33.371
 -57.140
 -41.975
 -23.859
  -6.404
 -31.901
 103.368
 -42.520
  80.564
 -27.950
 140.079
  44.212
  50.063
  63.427
  11.862
  90.553
 -27.044
 152.061
-132.127
  87.675
 -21.308
-109.777
 -93.586
-131.195
  20.049
  51.831
-193.925
  75.908
 -21.789
 -26.010
  57.811
  66.176
   1.497
 -84.347
  36.735
  63.552
   1.263
  22.460
 -96.139
-114.421
 -97.119
 -44.571
 -23.851
 -36.858
 -14.183
   7.091
  28.760
  10.662
 -42.750
  55.653
 -40.241
  75.424
 -28.488
  13.384
 -83.906
 -90.763
 -29.864
 -53.000
  72.965
  -3.935
  80.171
   4.009
  35.036
 -48.727
  82.270
-145.488
 140.731
 -75.977
  32.930
 -28.404
  45.262
 -31.051
  47.739
  63.480
 -58.017
  59.862
  -6.839
 -67.593
 -44.666
 -35.647
 -84.938
  22.734
 138.980
-129.576
  43.449
 168.888
 102.192
  85.295
 -22.639
  63.884
 -71.655
-110.849
 114.826
  69.767
  58.584
 -68.388
  82.352
 -43.492
 -26.436
 -69.184
   6.854
   2.825
 -71.156
 -10.276
 -77.088
 -75.918
-123.711
  70.763
  48.298
  34.677
 -16.855
 131.407
  -8.644
  28.676
  35.115
  15.752
 -46.223
 -19.709
 -47.837
 -69.266
  55.065
 -17.833
 150.312
 130.050
 -10.936
   4.770
  26.072
 -81.454
 -33.003
  25.386
 -25.582
 -45.557
  -1.459
  -1.948
 -19.994
 -58.522
  81.874
  13.971
-129.419
  78.254
  40.637
-121.294
  89.730
-104.611
 -88.480
 -39.198
 -35.021
   4.273
-280.882
  43.303
 -79.707
 -27.365
 -50.605
  39.647
  20.336
  57.345
   1.131
  87.956
 -21.458
  62.682
-145.310
 132.489
  74.535
 -62.440
  64.446
 140.150
 -50.464
  34.201
  77.036
  17.717
  34.479
-119.004
  66.676
 -76.254
 -28.618
  -2.623
 134.706
  66.886
  51.105
-169.142
  79.069
  16.174
 137.073
  -2.317
   8.334
  39.763
  60.379
  67.823
  17.328
  92.433
 -65.967
  59.496
  73.563
 -41.346
  98.562
  -0.246
 -53.337
 -96.570
-158.941
 126.679
 -83.185
  67.133
  33.817
-125.589
  28.167
  87.827
  10.345
  94.831
  75.195
  16.459
   5.464
 -35.272
 -70.680
  43.789
  12.327
 -70.938
   5.320
 -39.493
 -51.257
  -2.912
 -76.568
  33.117
-102.689
  89.843
  49.158
 -34.214
-117.958
  57.290
 -92.150
  38.827
  -2.613
  28.972
  66.766
 -11.056
  26.711
 -34.311
  34.131
 -31.035
 -42.808
 -83.996
 127.051
 -11.328
  -2.737
 -74.512
  -0.221
  76.544
  63.080
  32.315
 -55.791
   5.614
  50.460
 106.728
 -10.320
-124.457
  30.332
 111.589
  22.714
  24.758
 122.412
 -39.083
  44.574
  75.213
  15.413
  60.931
  67.693
 -23.776
 -70.079
 -29.604
  -0.716
  12.927
  55.510
  77.430
  55.606
-125.901
 -29.972
  13.442
  39.600
   3.101
-112.251
 -70.585
  63.837
 -23.114
  29.656
-108.619
 -52.035
 116.544
 166.962
 -19.649
  22.712
  32.322
  -6.171
 -47.247
 110.663
 140.339
  63.650
 -97.304
 -57.749
  10.125
-187.157
-113.406
   6.584
  22.420
 -49.184
 -94.808
  41.505
 -35.339
 -42.627
  12.803
 149.105
 -60.178
 -51.643
   1.559
 -88.042
 -34.656
  13.271
 100.169
 122.397
 -41.882
 -73.081
 -29.145
  74.295
 -12.655
  -1.349
  31.484
 122.493
  -3.275
  14.610
 -18.457
 -10.163
 -75.957
-138.764
-108.847
   8.957
  -1.716
  -8.856
 -62.844
 -66.986
  40.563
  35.074
 -50.299
 -36.770
 -34.672
  59.413
  60.434
 -73.601
  39.595
 -34.334
-121.129
  99.221
  35.346
   3.992
 -32.497
 -90.402
 -65.792
 -92.218
 -81.215
 -93.083
 -40.155
   4.394
  47.156
 -44.241
  14.111
 120.105
  83.150
 -25.010
 -96.312
 -78.989
-132.778
  60.324
 -21.323
 139.265
  43.307
 -27.157
  52.333
 -50.453
  91.094
   7.110
 -49.306
  47.313
   7.063
  -7.975
   4.616
   0.769
   8.996
 -56.670
 -25.660
 -65.165
  70.665
  54.520
   2.571
 -97.902
   5.069
 -32.502
 -27.450
 -28.681
  68.117
  58.030
  74.785
 -24.274
 -93.834
  39.360
 -37.542
  -3.670
 -16.724
   9.157
 -75.449
 118.695
 -34.724
  24.670
  55.695
 -26.103
 -90.630
 -71.235
  28.077
  67.130
  16.239
  65.167
 125.483
 -56.317
 -82.168
  98.357
   3.645
  22.283
  72.912
 -15.177
  76.868
  78.582
  -6.856
 -32.864
 -46.407
  47.895
 121.191
 -12.451
  37.094
 -30.207
  56.659
 -22.493
-204.584
  33.790
 135.992
 -70.344
-112.854
  29.627
  -6.648
 100.412
-129.923
  14.899
  33.919
 -66.662
  71.445
   3.086
  54.207
 -85.362
   7.588
 -68.113
   6.746
 -28.752
  15.952
  -8.635
-103.971
  -4.040
 -34.766
 -35.311
  -4.565
 -18.626
  36.343
 172.068
  66.789
 -31.749
  36.328
  -3.215
-102.108
  43.125
 -72.310
 -46.908
  81.175
  32.987
  23.733
 -13.419
 -46.463
  22.008
  98.541
 -59.324
 153.403
   8.771
 -83.528
 -53.015
 -42.429
 -59.819
  17.715
  -8.291
-159.706
 167.256
 129.366
  74.762
-127.806
-186.595
-107.673
 -67.623
  47.905
  33.351
  92.752
 149.658
  57.678
  20.496
 103.780
  83.473
   0.557
 -56.993
 -48.223
-145.910
  19.120
  83.084
  24.430
  31.296
 172.855
  55.822
 -21.221
  25.907
  75.455
 -22.234
 -63.555
  81.973
  18.584
  20.186
  49.477
 -65.687
 -39.006
  42.945
 -52.152
 -92.062
 -26.457
 101.419
  51.365
-104.092
  11.141
  52.967
  31.585
-100.550
 -64.063
 -17.131
  -0.111
 -28.192
 -25.384
-116.970
 115.212
-142.017
 165.560
 -22.144
 -14.409
  46.773
  44.277
  -8.574
 -40.117
  28.195
  42.591
  55.527
 -34.162
 -91.402
   1.509
 -58.449
  86.317
  45.645
  25.590
 -67.612
 -36.198
 -85.674
  69.855
 104.650
  21.158
  -3.275
 -68.317
   6.415
  86.820
 -65.243
  43.167
 -55.057
 115.363
 -59.923
  25.242
  80.564
 -91.958
 -98.028
   9.910
-101.631
  59.720
 -31.113
 -25.602
 -35.700
 135.844
 -98.141
 -12.750
 -62.720
 -58.646
  -3.024
  33.531
 -44.613
 -88.086
 -67.433
-147.047
  76.143
  33.214
  53.303
  70.546
  75.497
  75.142
  10.018
  -8.390
  31.367
  -5.396
  60.331
 -74.497
  16.986
-133.843
 -31.578
  52.083
  34.940
 -37.892
 -52.409
  21.917
 -12.925
  53.944
  18.438
 -82.064
 -97.131
 -11.083
 -86.890
  24.348
 -18.340
 -77.690
 -37.176
 -14.040
 -37.210
  58.856
  15.830
  26.133
 -52.093
 -75.824
 -13.881
-115.019
  14.090
  17.155
  60.925
 -58.385
 -47.673
 -10.456
-185.354
  48.240
-141.037
 127.270
 108.014
 202.250
 -55.982
-164.890
  12.880
 -29.817
 -11.132
  51.931
  45.043
 -66.092
 -66.892
   2.027
  87.023
  76.585
  26.429
  25.529
-175.737
 -63.972
 -93.075
 -50.037
 -26.655
-113.509
-111.770
  15.729
 -52.057
   0.259
 -33.140
 -54.754
 -48.927
   5.500
  -8.348
  54.801
  36.177
 -52.674
 -16.918
  54.631
  73.616
 -48.935
  13.384
 -94.623
  89.530
 182.223
 -56.705
  71.446
-168.443
 133.705
 -13.027
  14.828
  42.702
 -36.235
 -30.296
  11.573
  75.168
 101.769
  94.702
 -56.545
  74.080
-191.533
 154.834
  19.601
 118.092
  16.319
 119.425
  16.467
 -66.069
  60.803
  35.448
 -57.739
 -26.690
  21.254
-108.262
-108.550
  10.955
  38.067
  94.597
  81.534
  25.467
  17.088
 -48.426
  16.356
  63.202
-116.992
  81.526
 -28.782
 -61.759
 -22.327
  41.983
  27.171
  55.937
 -24.024
 -37.034
 -32.532
-103.631
 131.841
 -81.861
 -88.018
  83.300
 123.915
  90.532
  78.418
 -95.234
 -37.293
 150.821
 -34.249
 -68.483
  12.275
  24.095
 -33.132
  40.360
 -19.652
 125.097
  37.763
-148.826
 -53.054
-179.409
  47.207
  29.634
-134.132
-128.906
  43.763
-178.144
 -53.594
 -31.828
-130.601
 -77.254
-121.417
 -43.505
-132.911
 -19.925
 -31.023
 -79.880
 -66.600
 -18.019
   1.650
 -17.334
  -3.628
 -35.605
 -44.456
 -79.046
 -28.876
 -11.064
 121.197
 165.364
  -4.785
 -82.210
  41.271
 -55.332
  86.483
   3.478
  -3.488
  51.665
 -61.488
  85.572
  55.506
  -2.456
  -4.604
 128.478
-156.869
  21.695
  67.462
 112.544
-122.847
  43.464
 -48.147
  34.375
 -29.078
 -36.722
   6.153
 -32.429
 -37.082
  15.951
  76.505
  -4.679
 -20.187
  17.688
  62.006
  27.495
 -26.236
 -23.922
 -30.685
  33.639
  25.344
-111.845
 -21.751
 -63.105
-113.435
 136.245
 -31.298
  19.164
 -63.789
 -11.560
 -14.896
 146.191
-162.648
 -21.359
  22.856
 -56.103
 -23.038
-137.796
 -12.303
 -82.079
  25.621
  68.302
 -86.878
 101.908
 -30.921
   9.462
   5.483
 -59.098
 -51.939
  66.286
  11.868
  78.919
-142.542
  65.480
 -60.147
  81.383
 -52.173
 -33.649
   1.416
 -19.886
  -3.397
 -13.760
  21.305
  56.452
  62.002
 -32.715
  -9.665
 -19.859
  35.355
  32.346
 -16.392
-110.741
 -22.699
-149.826
-109.106
  67.281
   6.787
  -1.078
-105.420
 105.437
  79.429
 -10.926
  69.422
  41.368
  17.370
 -13.782
   4.603
 -35.724
 -70.464
  89.995
-102.439
 -96.663
  40.013
  65.787
 -79.825
 -69.401
 -43.198
  42.796
 -81.992
 -12.796
 -50.598
  81.110
  48.919
-184.926
 155.978
 165.535
 -19.353
  18.971
 -47.681
  10.309
 -26.094
 -20.310
 -51.482
  85.958
  54.035
  28.490
  30.474
  96.289
 -83.964
  49.392
  45.248
 -34.908
  42.867
 -82.200
 -27.362
  -7.319
 -16.692
  83.304
  52.136
 -66.499
-115.156
  64.138
 -15.734
 -48.054
  -2.042
 -33.660
 -54.948
 -16.773
 -25.940
 -18.857
 -37.999
  55.779
  79.205
 -55.202
-172.993
  33.278
-209.768
 -50.212
  23.688
 -31.730
  57.712
 -31.210
   8.690
 -76.188
 -52.318
  61.003
 -61.069
-235.215
 -16.769
 -24.877
 -43.025
 -23.265
  -3.604
 119.634
  79.770
 124.249
  96.249
 134.222
   2.866
  20.635
-162.822
  75.201
 -65.989
   5.001
-194.368
-105.435
 -50.429
  -5.038
  13.510
  78.897
 -61.752
 -79.178
 -61.918
 -67.224
 -18.889
-249.643
-118.444
 -35.223
 -18.903
   9.140
-100.303
 -24.660
  -6.008
 -19.111
 -23.771
-150.762
-106.301
  31.174
  72.371
 112.486
  18.669
  37.817
  79.983
  -0.775
  -1.314
  20.607
   7.559
  32.574
 -35.622
 208.326
 -41.017
 -98.541
 -59.498
  86.257
 -15.845
  42.146
   7.622
 -84.456
 184.718
   4.548
 156.798
-124.396
 -60.409
  40.870
 -66.519
  30.072
-107.582
  52.128
 -52.899
 -88.941
 -28.089
  33.353
-180.680
-152.374
 -62.517
-147.745
-126.781
 -46.206
-174.153
-180.624
 -75.333
  47.600
 -33.611
 -33.307
 -83.228
 -25.938
   0.659
  15.029
 147.296
  51.510
  85.916
 -13.504
 -52.678
  11.069
-124.175
-100.579
  64.553
   3.085
 163.321
 113.363
 -55.089
-162.867
-121.504
 -46.358
 -15.539
-193.659
  43.242
 -16.026
  73.741
 -41.291
  41.912
  17.949
   5.409
 -42.692
  22.899
  -9.540
  26.282
  24.676
-108.634
 -21.777
  -8.891
-101.522
 -78.432
 -43.613
 -63.978
 -78.497
  87.376
  71.869
   6.439
  80.218
  37.257
  72.152
 -71.588
   7.987
  59.613
 -43.734
-115.973
 -89.676
  62.595
 -33.138
  85.026
  64.545
 -47.517
  29.391
  -3.775
-117.482
 -28.806
 -35.896
 -17.142
  70.305
 -56.696
  -3.304
 -52.031
  32.655
 -19.534
 -92.629
  26.578
 -45.883
 -28.030
 -77.603
  55.061
 -35.730
 107.141
   5.272
 -26.391
  16.708
  21.703
-164.550
 -86.712
 -52.788
 -53.920
 -25.541
  65.182
-108.153
  33.390
 -56.660
  31.034
 203.682
-103.626
 -44.852
 -13.979
  45.674
  82.692
  38.259
  30.672
  18.277
 -19.236
 113.650
 -15.970
 153.741
 -70.981
-121.048
 -46.197
  81.341
 -40.429
  50.783
 -58.469
  60.670
  66.980
 -17.614
  11.113
 -29.921
 -40.733
  24.949
  -0.757
-135.591
 -68.692
-152.291
  59.629
  14.597
  68.247
 -41.433
  -3.676
  34.106
 125.371
  -9.257
 -12.877
 103.824
-114.998
  65.206
-109.255
  84.256
  98.915
  19.950
  29.052
-135.175
 -58.616
 -43.587
  67.397
 -90.904
   0.944
 -84.985
 160.660
  25.877
 -90.992
   7.167
 102.156
 -70.307
 -34.772
-169.552
  57.255
 -56.176
 -57.570
-106.178
  84.726
  -2.031
  64.826
 -54.575
  63.911
-128.207
  -3.854
-134.767
 -71.502
 -69.809
  75.219
  83.528
 101.680
  66.065
-103.153
 122.407
  20.759
  22.795
 -68.017
 -35.373
  18.995
 -19.654
 144.637
  62.840
   9.024
 163.400
 -15.357
 -76.689
  54.497
 -67.461
  71.626
 -28.164
 -63.973
 -33.088
-105.617
  90.272
  77.827
  90.334
  24.391
 -29.453
  38.721
   7.519
  96.622
 114.449
 -52.535
  91.951
  18.053
  33.765
  69.621
  37.944
-138.248
  24.282
  88.274
 -15.644
  -4.625
   2.193
-130.509
   0.209
  38.881
  -8.576
 -63.342
 140.043
  53.295
 -42.572
 -47.381
 -32.239
  22.262
 109.439
   1.877
  12.215
  43.290
 -59.066
  84.218
 -86.071
 -64.128
  56.006
  36.098
   0.676
-137.599
 -37.933
  86.023
-121.986
  19.163
  39.109
 -26.111
  59.344
 -19.265
  26.601
 106.628
 -53.264
 142.292
 -31.698
  28.673
  66.677
 -83.547
   9.903
 -21.804
-111.725
 141.718
-109.281
  -1.969
 -25.399
-114.214
 138.609
  81.761
 144.611
  64.945
  37.366
 -55.070
 -68.218
  18.886
  15.772
 138.893
 -10.105
 -33.613
  54.227
  15.056
 -14.631
 -58.713
   4.849
 -15.602
 -48.200
  14.987
  31.675
 -22.030
  -3.027
-100.351
 -59.445
 -24.586
   8.559
 -19.964
   1.351
   8.467
  16.087
 -66.332
 158.201
  34.105
-106.994
 -41.268
 -29.339
  38.122
  40.238
  71.531
  22.273
 -10.514
 -45.084
 -82.477
 158.567
 -31.986
 130.689
 -34.289
  30.163
  59.938
   4.379
  77.014
   8.893
 -27.913
 -11.597
 113.330
  36.049
  29.416
  22.060
  85.048
 -56.136
 -60.276
  52.979
 164.241
   7.211
  22.456
 -96.149
 -83.940
 -39.709
   2.429
  24.502
-103.465
-109.866
  49.679
 -34.536
 -69.231
 142.355
  99.829
 -65.314
  -9.617
  60.481
  12.186
  28.194
-115.854
 -50.052
  -8.505
-134.343
   9.134
  27.727
 -48.915
 -72.487
   8.101
 -51.638
  -0.323
  -8.481
  26.847
  87.124
 173.952
-110.344
 141.395
 -77.061
 -93.770
 -44.755
-107.038
 -54.207
   0.479
 -87.071
 -75.604
 -49.296
  44.580
  59.659
  66.338
 -17.647
 -26.292
   6.476
  31.800
 -72.343
 -95.251
 -50.727
 -40.349
 114.649
  74.225
   2.382
  -5.602
 -91.389
 -14.434
 -68.137
 154.780
  92.061
  27.861
 -69.275
  52.663
  29.597
-183.711
 -48.125
  -5.275
-103.782
 -37.659
  22.440
 -47.735
  -5.128
  22.894
  18.126
 -40.775
 -36.179
 -16.674
-111.314
 -31.133
 127.123
 -72.863
 -93.375
 108.086
  39.800
 -94.409
 -13.861
-197.267
  60.694
 -28.167
  67.592
 -83.090
  32.257
 -56.664
  46.831
 151.003
 -41.635
  74.081
  33.954
-113.196
 106.422
 -20.590
-118.003
  35.259
  17.791
-200.662
  97.442
 -74.100
 136.110
  59.954
 -14.532
  28.720
  24.913
  39.646
 -44.276
 -49.500
  10.568
  50.372
 -86.095
  -4.963
 -73.298
 102.558
 -87.043
  42.980
 -88.458
  56.000
   7.974
 -12.033
  62.884
 128.917
  86.406
  90.755
   0.818
 -43.357
-112.616
 116.053
 -73.182
  -4.770
  22.614
  19.850
  17.466
 146.824
 -51.134
  47.190
  33.755
 -66.911
  49.554
 -63.499
 -14.688
  55.114
  -1.385
  11.754
   5.412
  41.650
 -75.015
  11.123
   6.954
  83.694
 -48.881
-116.982
 -66.494
  21.179
  24.979
-102.934
 123.316
  63.749
 -48.782
  41.291
  62.489
 146.573
 -43.875
  62.876
-243.217
  36.595
 -90.509
 -73.535
  31.576
 126.294
   2.648
  45.040
   6.394
 -86.753
  53.427
  -8.675
  77.775
  74.144
 -21.604
  99.094
 -36.808
  17.084
 -35.237
  -9.805
-122.595
  -3.036
  74.353
 -24.349
  31.859
  67.895
 -12.876
  51.535
  90.361
-134.942
 -24.642
   9.198
  14.821
 -59.385
 -94.079
  14.991
-102.394
-101.209
 -16.733
 -24.906
-219.206
-128.045
-126.219
  45.802
  -7.022
 -38.567
  11.309
-155.080
 122.576
  25.224
 -13.560
-104.404
 120.747
 182.809
 136.590
-101.477
  12.442
  34.823
  15.497
  67.752
  42.595
 118.825
 -41.152
 -42.346
  23.140
 -39.390
 -81.571
 -15.590
  26.643
   2.611
  27.802
 110.362
  58.558
  74.019
-172.697
-101.448
 -11.417
-105.758
  86.033
 -62.575
 139.311
 -59.462
 -54.656
 -69.091
 -30.196
 -20.973
  18.096
 -37.359
 -31.508
  79.972
  79.424
   0.494
  46.387
-179.819
-175.233
 102.633
  96.690
 -21.322
  -6.538
  56.130
 -67.087
  -6.002
 -75.023
 -60.136
  78.038
  62.763
 192.471
  -8.657
 119.533
 -24.340
 107.704
  26.555
  -8.803
  33.001
  44.217
  15.645
-116.325
 -86.250
  71.836
  81.540
 -61.434
 -61.260
 -93.784
  -1.346
-145.452
  74.068
  14.679
  62.395
 -28.453
-131.603
 124.835
  -8.749
  27.851
  -4.389
-108.820
 -17.189
 -74.570
   5.144
-119.328
 -48.212
  52.045
  -6.637
  58.797
 -82.501
 -19.310
  13.233
  91.050
  30.264
 -18.373
 173.429
-128.292
  16.683
 -15.480
 -31.887
  75.512
  67.111
 -50.454
  29.646
 -40.810
  36.093
  55.363
  32.992
  88.229
  83.828
  88.005
 104.062
  66.365
 -95.104
 -79.978
  74.606
 -74.156
 -14.404
  -7.838
  16.977
 -14.839
 -18.025
 -53.502
  37.436
-170.466
  30.363
 -74.631
  73.573
   9.129
  18.449
-144.172
 -53.618
 -42.351
  12.777
  42.661
  31.194
-141.770
 -89.821
 -13.836
  -5.011
  91.491
 -18.475
 -34.724
  13.274
  94.049
 128.632
  87.747
 -68.999
  58.811
 -46.743
 128.661
 -13.150
 -41.685
 -22.787
 -43.246
   0.998
 112.415
-116.245
  -4.791
-148.393
-204.170
 -22.786
   5.773
 -22.189
  72.831
 129.088
 114.433
  76.562
-114.725
-182.481
 -17.563
-110.921
 -83.436
  87.315
  12.425
  12.262
  29.216
  90.314
  63.139
 -35.041
  10.648
  -3.116
 -40.739
  24.092
  62.367
 -43.615
-131.112
 -30.263
 -12.815
 -32.202
  75.996
-154.117
  94.795
  39.938
 -52.084
  86.813
 176.685
 163.372
 -36.659
  93.665
  88.659
  59.068
  60.105
  53.750
  36.052
  69.071
 110.708
 -46.262
  -0.550
  51.651
  37.778
  24.986
  12.498
  14.087
  74.243
 -35.243
 -64.696
-193.466
  32.083
-113.724
 -88.513
 -15.014
 -69.191
 -19.732
  -0.286
 -67.690
  16.176
 101.649
 -60.855
 -38.358
-117.686
 -26.122
  81.108
   6.935
  -8.869
 -42.160
 -28.300
-110.162
  59.352
  65.970
  67.651
  49.799
  15.522
   1.791
 -39.813
 -95.620
-112.915
 -27.090
 -14.701
  87.641
  74.413
 -49.481
 -21.656
 -29.223
 -77.823
 -37.951
   6.059
  47.352
  31.340
  64.882
 -60.756
 119.775
  -2.040
-157.778
 232.527
 146.954
-206.583
-131.586
 -97.631
 124.477
  11.781
-112.850
-193.517
  90.062
 102.526
 -23.243
  68.563
 -56.669
 -57.307
  74.385
  21.842
  67.947
 -88.294
  40.258
  60.681
  22.494
 -23.201
  11.845
   3.235
 157.092
  42.888
 -68.779
 -25.659
-128.841
  23.839
  21.302
  91.313
  31.664
 -60.055
-103.847
-215.353
 -26.882
 139.518
  18.122
  -9.899
 -63.238
 -86.402
  38.256
  39.383
 141.380
 -49.634
  -6.889
  94.551
  64.829
  -1.478
 -54.704
 -14.526
 203.307
-168.222
  79.064
  -1.436
 160.512
-116.642
 -15.366
-117.832
 -37.038
 -35.699
  82.399
 -15.456
  -8.962
 -66.712
  43.252
  42.635
  91.619
 -54.908
 138.317
  63.131
-134.394
 101.820
  14.832
  54.581
 -19.881
 -23.540
   5.801
 -56.665
 -10.117
   6.846
 -39.358
 -22.154
 152.234
 141.243
 130.475
 -88.328
   9.963
 103.303
 -81.239
   6.195
  10.694
   5.694
 -54.924
 -48.567
 -68.799
   8.344
 -82.137
 -48.540
-148.547
  10.781
  72.684
  -7.193
 -87.062
 -19.286
 -63.443
   0.093
  31.902
  23.332
 -75.324
 -85.863
  29.318
  64.442
-180.358
-161.304
 167.664
 -99.630
  -1.105
-201.280
 -45.241
  42.589
  38.312
 -94.822
 -59.794
   4.961
 -57.459
  36.361
  33.996
 -57.702
 -76.489
 -32.447
 -23.981
 -96.721
  63.612
 -95.178
 -23.082
  76.685
 -51.164
 179.814
  32.370
 -27.012
-104.022
 -38.482
 189.907
 -32.339
  55.903
-104.890
 -25.942
 101.781
 104.702
 -57.500
 119.333
 134.294
-115.368
 -65.311
  83.012
  99.312
 -61.533
 -66.922
 -79.377
 100.708
 -55.657
 115.487
  76.879
  65.052
  54.688
   0.584
 -52.062
  38.928
 -60.937
  44.639
  38.131
-112.686
 -94.416
  58.312
 112.452
 109.434
  28.870
 -18.713
  -2.617
-106.398
 120.506
  33.001
  16.849
  -4.646
 -92.519
 -26.361
  64.135
 -57.598
  71.119
 -14.993
  70.935
 -26.556
-161.359
  42.984
  62.740
 -67.523
 140.982
-115.738
  57.248
  71.227
  41.689
  34.027
  54.273
  60.956
 -57.759
 -35.384
 -45.400
  99.647
-147.984
  27.501
 -24.125
 -14.675
  20.708
  39.756
 -48.475
  68.512
  59.972
-182.857
 171.389
 174.999
 -51.904
  57.583
  80.951
 -82.596
-150.024
  15.733
-128.105
  61.130
 -90.635
   1.786
 -49.716
  52.284
   3.185
 -31.732
  50.135
  25.376
-144.453
  45.728
 -52.605
 129.093
-153.782
 -10.883
  85.955
  30.450
 -42.908
  60.347
-103.125
 135.730
  54.616
   5.548
  23.153
  65.773
  -2.934
  99.725
 155.813
 -72.179
-154.769
 -69.239
 130.410
-150.108
  82.570
 -38.994
  33.235
 -77.138
-194.969
 158.863
 -11.242
 -66.387
 -51.239
 -33.796
 -64.855
  14.920
 -52.567
 111.036
  20.418
  83.520
 -25.797
 -41.943
 132.225
-119.300
   1.442
 -38.099
 -10.587
 -26.554
  36.562
 147.418
-141.859
 -50.008
 -72.762
  20.128
  43.397
  53.281
 -83.760
 -47.048
-201.468
 -75.819
   5.370
   6.850
 -11.171
 -46.575
-101.074
 -70.316
  97.738
 -56.171
  96.940
 -87.817
  26.496
  16.015
 126.763
 -72.072
   2.168
 133.551
 -49.291
  50.264
 -21.183
 -88.981
  46.077
  83.549
   7.494
  58.002
 -67.610
 -15.601
  25.167
 -13.579
 -30.278
  12.590
 -41.830
  62.136
  68.096
 -90.745
-167.039
 -51.180
  59.412
  73.115
  64.813
 124.452
 123.448
 112.509
   6.182
  49.164
 -45.223
  88.602
  -7.120
 -72.232
  44.950
 -83.231
-191.478
 -34.140
 123.029
 -93.243
  56.180
   6.474
-121.660
  29.457
 -18.264
  47.230
 104.596
  42.093
 -31.952
 -25.755
  42.435
  26.080
  82.925
-113.854
  92.078
 119.878
 -16.512
 157.525
 -30.181
 -19.553
 -94.391
 -68.508
  10.329
-191.565
 -46.313
-187.750
 -42.976
  10.387
  49.583
  57.401
  23.421
 -49.295
  33.864
   8.148
  95.106
 -84.662
-154.374
  40.313
  61.479
 -29.727
 -15.371
 -24.922
 -23.243
  -9.783
  30.343
 118.510
-204.257
-102.508
 -23.600
  33.425
 169.554
 -97.233
 -23.054
   9.218
  -6.560
 120.997
 -91.827
 142.971
   4.122
  -1.242
 -45.279
  64.373
  40.653
 -40.828
 -10.497
 -26.339
 -29.928
   0.604
 -77.535
 -39.860
  14.766
   9.256
 -49.545
 -54.563
  -4.118
  36.200
-106.004
  65.959
  58.422
  21.261
 -23.844
  -9.414
-106.973
  64.020
 -19.826
  44.231
-153.408
  88.708
  85.371
 102.566
 -23.954
  84.249
 -50.951
   5.107
  31.855
 181.588
 -21.296
 -71.014
  58.406
  -6.057
-104.057
  -4.853
-170.182
  48.605
  14.640
 -58.125
  72.280
 -48.918
  91.459
  93.621
   2.418
  39.898
  17.970
 -22.089
   0.834
 -81.010
  81.684
  51.950
  21.236
  75.165
 102.120
 -12.355
  -2.772
 -23.164
  34.092
 -45.531
-164.766
 -41.761
  -6.050
 129.236
  25.727
 -65.845
  80.848
  74.962
 -59.727
 -17.378
 -67.288
  69.936
  -4.266
  28.025
  39.373
  29.465
 -47.769
  11.197
-100.215
   7.969
  16.026
  63.692
  42.913
  54.391
  68.608
   3.684
  79.514
  79.549
 -83.571
 -24.049
  63.027
 -34.304
 -57.221
 -39.695
  78.229
  -4.479
  84.009
 -17.619
  97.964
 110.896
 145.059
 -76.447
  34.211
  79.492
 -92.467
 -47.925
   2.849
-113.558
-151.314
  35.046
  16.697
 147.085
-110.106
 -87.836
  51.732
  25.870
  -9.775
 -21.182
 -30.528
 -31.509
 -12.330
  -1.428
 -42.859
 -52.746
 108.941
  40.470
-125.548
 -21.140
  75.982
-210.007
  43.181
  31.231
 -36.479
 -55.594
 -44.508
  21.605
  75.927
 -91.747
 -15.277
 111.662
 -60.618
-100.245
 -49.352
   0.119
-122.392
  85.640
-120.740
-175.374
 -94.585
 -67.795
 -17.938
  37.405
  18.667
 -25.138
 -54.182
 134.885
 -56.349
 -13.224
  36.076
 -77.852
 -36.610
-122.022
  -7.540
  -8.856
 -51.338
 -52.879
 -23.811
 -12.624
  20.986
  18.267
  27.157
 116.482
-142.739
  12.794
  64.664
 -42.647
  -0.412
  -7.167
 -32.160
 -23.841
 -23.763
 -43.701
  48.049
 -38.692
 -17.485
   2.624
  46.308
  -2.460
  29.268
 -78.935
 -97.503
 -82.151
 -74.842
  56.423
  25.025
  74.807
 -49.076
  61.819
 -65.477
  21.410
 109.195
  66.428
  30.022
  27.094
 -32.328
 -90.385
  58.110
 -20.346
 159.981
-136.421
  40.652
  70.579
 -51.297
  42.273
 119.577
-133.905
   2.588
 -25.803
 104.476
  67.819
  60.234
 145.208
  -4.915
 -38.892
  -4.515
  85.440
   6.012
  59.644
   5.013
  45.030
  38.074
 -25.965
 -62.612
  16.812
  78.010
   9.099
  62.679
  95.573
  98.907
  41.638
  -3.586
 -73.713
 -39.819
 -63.507
  32.938
  11.974
 170.887
-104.556
 -57.307
 -47.688
 -27.408
  96.804
-109.760
 138.685
  33.369
  73.829
 144.688
  63.847
  11.098
  76.483
   6.580
 -17.721
   2.014
  69.137
  71.299
 -65.677
 -60.547
 120.498
 -41.459
  -8.829
 -52.479
  25.213
 -19.876
  -9.733
 121.101
   0.114
-141.739
 -46.207
  55.896
  48.398
 118.634
 117.034
 135.317
  63.988
 -10.828
  -6.435
 -32.122
 -32.324
  -1.152
  12.899
  31.864
  -8.367
   9.709
 -52.071
 -52.415
  -0.610
  22.616
 -77.650
 -62.600
 -36.780
  28.805
 100.317
 -27.131
  11.143
 -40.921
  93.463
 -28.292
-114.577
  77.732
-131.753
 -20.143
 -35.816
   1.496
 -57.161
 -64.731
 -12.724
 -75.142
  79.206
-125.528
-112.615
-132.543
 -56.920
  67.046
 -79.978
   3.456
  29.219
  55.100
  32.332
 104.250
  -7.859
 -70.036
 -66.135
  51.348
   6.492
   0.568
  47.837
  44.336
  -1.905
  12.785
  29.944
 186.782
  48.133
 -33.388
   7.382
 -59.643
  56.934
  -7.750
   4.555
  63.308
  76.060
 113.319
  32.246
  99.261
  79.081
  30.532
 -76.604
  47.306
 -89.091
  23.236
  -8.991
  43.459
 -25.472
   8.779
  72.228
 -39.338
 -11.612
 -42.102
 -37.724
  50.547
  24.309
  41.990
 -75.891
  24.174
  57.136
  25.854
  45.302
  -9.207
 -93.106
 -73.014
  24.301
   2.235
  52.497
-175.526
  79.732
   4.778
 -19.356
 -74.267
  73.364
 -64.231
 -68.613
  79.716
  44.195
  80.313
  43.488
  23.668
 -56.566
 -23.233
 -57.112
 -71.235
 -12.895
  -7.902
  41.658
  49.327
  88.906
 135.874
 -19.148
 -70.935
  28.583
 -54.733
 119.473
  56.845
  57.847
  63.858
 -49.563
  11.120
  17.899
  32.185
  10.486
  33.165
  -2.779
 -31.555
-101.817
 -57.782
 184.706
  83.817
 -15.906
  22.305
  74.811
  -5.191
-112.620
  -9.320
  59.367
  60.630
 -75.124
 -50.599
  25.409
  31.895
  89.168
  59.523
 -56.372
   5.945
 143.694
   2.589
-106.466
-129.910
 -37.634
 -24.020
 -35.940
  25.550
  -6.856
  69.645
 -16.488
  -6.749
-107.291
 -27.171
  -9.707
-171.950
 -56.551
  51.744
   4.007
-134.325
  -5.281
-114.936
 -84.875
 -27.781
 120.218
  -0.812
-160.415
 133.501
  12.360
 -18.025
   2.495
 167.024
 -79.527
  38.763
  70.421
 -75.237
 -42.631
  73.809
  33.663
  19.863
 124.264
  -5.987
 143.330
  70.663
 -12.310
  -4.237
 -99.732
  18.695
 -69.363
  75.939
 -40.134
  10.674
 -71.299
 -40.741
-100.955
  45.679
 200.140
   4.979
 -39.664
  92.882
  46.210
  -9.619
 -13.328
 -10.016
-101.102
  32.837
 -49.085
 100.205
 -55.887
-132.081
  29.068
 -59.294
  29.699
  17.094
   8.430
 -56.439
  34.178
  63.457
  51.446
  75.636
  -4.743
  -5.841
 -91.569
  49.015
 -48.555
  32.633
  31.931
   5.181
   9.081
 -52.322
 -86.384
  44.710
   9.347
 -58.540
  27.885
 -99.616
  83.177
  40.340
 -60.356
 -96.623
   9.579
-142.032
   8.042
 -16.034
   3.341
 -17.464
 -11.443
-103.424
 -14.752
 -76.370
 -10.382
 -81.978
  71.999
  -6.169
 -86.358
 -42.571
 -51.732
 -50.246
  20.973
  63.812
-104.634
-174.132
 149.171
 -65.460
 -60.595
 -23.980
  -6.064
 103.943
 -93.556
 243.120
-121.132
  88.821
-215.917
 -81.187
  86.269
  51.892
  -2.553
 -64.915
 -15.392
 -66.687
  77.237
 -36.875
  78.068
  70.732
 -73.632
   3.667
 -34.066
   7.584
  25.959
 -43.111
 -15.484
  46.741
  26.704
-125.694
 -42.578
  76.748
  61.606
  21.131
  96.300
 109.909
 141.601
   6.893
  91.595
 -99.726
 -32.469
  61.693
  98.393
 131.003
  39.820
 -47.645
 -38.875
  24.090
 138.705
 -78.816
 163.296
 103.868
  10.319
-145.364
  -2.948
 -92.795
  69.820
  82.916
 -19.388
  75.209
 -30.117
  86.115
 -82.793
 -45.200
  58.630
 -41.016
   0.763
 -44.713
  14.268
 -67.468
 -33.181
 -99.831
  11.603
  20.805
 100.707
 -26.451
-157.012
 111.767
-116.903
-127.611
  45.384
 -30.567
  67.800
  61.851
  54.579
 -57.788
  24.504
  21.583
  54.932
 -20.351
 -70.822
  61.455
   1.844
  86.761
  -4.159
  45.423
  33.860
 -63.535
 -34.675
  59.930
 -95.055
 -15.790
  21.443
  12.348
  57.233
  53.065
  41.542
  86.132
 -10.432
   9.553
  80.687
   3.718
  76.611
  18.027
 -66.703
-110.850
 -24.079
  69.213
 -28.291
 -10.380
 -19.399
 -20.248
  86.854
  -2.462
 -59.795
 -55.311
 133.026
 -58.199
  68.051
   3.356
  88.370
 -18.966
 -28.936
  72.741
 -84.202
  25.772
 -85.620
 -81.053
 -14.446
 -11.876
  41.759
 -53.672
 -30.312
  -0.649
 -54.003
-162.400
  58.635
-125.455
-150.254
-138.200
  -2.157
  -2.152
 -23.123
  22.550
  42.168
 -33.253
   6.713
   9.025
 -22.869
-119.313
 -80.382
 -18.126
  27.883
-107.865
  28.080
 -75.131
 235.344
  -0.561
 -22.296
  19.608
 -30.154
-106.302
   5.769
 126.260
 -14.603
  87.456
-203.661
  26.194
 -94.934
  54.199
  -9.518
 -50.692
 -59.657
  45.485
  44.519
 -73.598
 -18.515
  89.504
  67.565
 -38.713
 -38.036
  70.432
 -51.974
 -47.912
  69.305
  41.600
  50.250
 -47.651
  -3.667
  47.883
 -60.961
   1.656
  80.593
  13.826
  14.806
 -31.147
  78.991
 -29.650
  17.343
  -5.092
 -82.671
-156.294
 -89.701
  74.369
  10.586
 159.471
  66.429
  73.987
 -33.318
  57.633
 132.220
 -68.880
 -58.402
 -50.914
-141.430
  87.689
  18.931
  20.352
 -71.047
  60.160
   4.737
  76.359
  19.953
 100.354
  91.567
  48.965
 -71.304
  41.637
   0.754
 -73.233
 -16.059
-128.974
 -16.556
  -4.317
  -8.775
 -11.726
  38.917
  20.993
 -42.318
  77.702
-158.408
-145.921
 118.996
 -22.383
  92.393
 -36.345
 -30.910
 -35.621
  -4.610
 -65.036
-125.036
  49.205
 -79.005
 198.080
 -94.923
  75.820
 167.674
  66.516
  76.158
-113.718
-111.849
  38.834
  21.030
 -52.379
  63.060
  37.104
  39.011
  39.855
-144.630
 -64.803
  36.384
-103.186
  58.283
  29.462
  39.038
 -84.618
 -82.029
  76.923
  32.286
 -18.540
  32.799
 -23.457
  94.037
 -45.320
 -11.869
 -28.132
  24.507
-138.817
  63.879
   1.344
  53.034
 -57.756
 -12.072
 -65.112
 -27.209
  -9.869
  44.455
  67.502
  38.320
  22.136
 -65.655
  -3.695
  -2.386
 -23.085
 -82.619
 -31.855
   4.428
  38.021
  50.815
 -40.602
 -47.730
  18.805
 -39.322
  -9.366
 -51.567
 138.817
-157.161
 -40.324
  89.731
  25.715
  34.093
  76.197
  73.116
 -15.839
  63.699
 -20.315
  86.019
  10.895
 -49.664
 -53.176
 -34.005
  80.522
  73.854
  -2.568
   7.262
  52.875
-114.882
 -56.766
 -24.311
   1.340
 -48.546
  37.939
 -29.011
  85.587
 -68.102
 -72.988
  13.924
 131.076
  39.453
-104.301
  75.257
 -34.384
  19.086
   5.084
 -17.334
 125.097
  51.290
   1.161
 -11.262
  45.589
  92.905
  20.983
  -3.419
 -76.262
  13.697
 -10.495
  20.113
  82.150
  13.177
  -6.090
  40.723
   9.556
 -57.568
 138.578
  89.401
  16.104
  -7.139
 -34.120
  22.028
 -39.409
  35.414
  59.057
 106.958
  75.924
   5.157
  89.045
  31.612
  37.816
  22.909
   4.174
 158.123
 -64.989
-117.841
  27.439
-145.378
 164.728
   6.270
 -53.429
 115.559
  71.009
 -89.332
 -40.580
 -51.572
  97.400
  62.688
-122.380
-165.456
 -26.286
  73.261
 -81.697
  43.565
  55.973
 -37.554
-189.647
-112.079
 241.172
  -2.980
 -71.796
 144.757
-131.942
  83.009
  -6.411
 -24.654
 -13.636
 135.908
 -55.871
 -43.937
  54.458
  22.677
 -66.991
 -56.252
 100.342
 -15.193
  -6.822
-123.452
 -11.544
 -15.146
  49.563
 -75.985
  49.749
  56.264
 -11.396
 -89.793
 -29.036
 138.176
  17.710
-131.766
  54.579
-123.579
 -38.178
  20.286
 -86.356
  13.248
 -93.648
 -43.745
  92.846
-112.327
 150.145
 110.074
  33.777
  10.479
  -7.011
-114.935
 -24.799
  37.571
-110.485
 -15.202
  94.966
  75.974
  30.404
 -23.007
  -8.576
 122.668
-126.975
  18.053
 148.752
  79.925
-156.364
  36.743
  12.425
 -58.592
  10.864
  -0.655
  37.141
 -46.338
 -65.647
 135.327
  -0.510
  91.861
-144.115
 -15.097
 -44.854
 -32.617
  46.485
 -28.580
  89.456
  69.521
  11.030
  16.818
 -26.753
 -39.006
-134.083
 -21.023
 -45.325
-207.382
  15.387
  -4.285
-131.970
  25.847
  -2.252
 -75.940
 -42.665
  21.898
 -12.530
  21.632
-101.363
 -73.571
   6.748
 -76.725
  25.914
 -24.718
 106.690
   6.704
 -98.872
  -2.260
 -60.871
   0.226
-164.120
 126.485
  67.708
 -36.716
 -38.251
-110.056
 -38.310
 141.645
  20.430
  33.837
  77.725
-131.954
  44.418
 -74.210
  48.715
 153.036
 -54.771
 -13.504
  22.567
-142.057
  39.094
 -35.914
 -80.870
-187.006
  30.885
 100.556
-153.168
 -78.585
   1.010
  44.023
  61.517
 142.567
-134.629
  91.290
 -55.863
 159.555
  85.463
 -66.710
 -74.015
-131.441
 139.856
 -14.544
 -14.538
  15.522
 -35.841
  78.372
 -40.744
  57.593
 -87.345
  17.736
 -87.076
 -69.029
 184.617
 -24.238
 -66.953
 -37.777
  38.757
  10.896
 -34.641
 -54.983
  44.382
 -22.564
 -42.451
  25.332
  72.464
 -68.606
 -17.538
  29.489
  -6.913
  46.815
   2.980
  12.098
 -36.096
  53.231
 -35.597
  18.895
   8.078
 -25.618
  24.811
 -75.587
-131.969
  28.295
 -79.430
  82.410
  45.653
  72.147
  70.596
  13.388
  37.052
 -77.190
 -79.533
  47.462
 103.047
 -40.230
  18.279
 -11.849
-157.438
  23.946
-110.469
   3.755
  71.150
 -20.776
 -81.429
  44.662
   0.837
 -79.369
 -14.483
 -59.048
  30.572
 -37.705
 -19.558
  70.065
 116.020
 117.659
-150.631
 -49.805
 -99.412
  52.516
 133.775
   5.587
  25.543
 -69.798
  53.856
 -46.018
  -2.785
 -37.937
 -41.505
 101.676
  -0.499
 -52.652
  43.775
  -6.548
  22.438
  22.852
 -10.410
 -46.361
 -27.530
-101.610
  97.372
 -92.185
-102.424
 -84.082
 -11.871
  39.830
-136.162
  -0.645
 -13.453
 -72.223
-108.709
  33.726
  -0.676
  10.193
-100.766
   8.373
  -6.337
 -28.774
  89.899
  69.774
 -76.185
 133.025
  81.481
  34.845
 -95.188
  43.868
  23.778
 -34.798
  18.992
  51.084
  27.674
 -94.385
 105.850
  28.734
 -40.922
-133.639
  34.989
  72.245
  -1.688
 -61.121
 118.144
 -17.866
  48.942
  51.191
  44.436
   1.491
 -54.621
  45.354
 -16.610
  10.925
   4.964
 -72.942
  58.759
   2.578
 -40.076
  11.614
 -94.559
 -65.388
 -36.797
  15.473
-135.493
  24.441
  -4.742
   7.451
  66.181
-144.073
  37.780
-156.229
 -36.000
 -24.247
 132.308
  74.747
 -23.503
  27.826
 -66.454
  36.607
  76.788
 -76.562
 -54.708
  53.703
-158.551
 144.089
  18.394
   2.696
 -25.226
 -19.124
 -10.481
  25.935
 -95.555
 183.414
 -57.275
 -56.115
  24.395
  45.825
  44.932
 -31.093
  15.558
  45.645
  13.878
 -43.078
  18.228
  13.037
 -50.466
  14.895
  -3.138
 -49.793
  76.876
  47.416
 -43.360
  80.518
 -45.116
  41.539
 -78.037
  73.852
-135.045
 -22.709
 -31.185
 -29.830
-119.029
  44.754
-115.788
  80.970
   7.210
  51.255
 -27.274
 105.886
  61.583
  70.724
 -44.180
  11.199
  -2.976
 -36.919
  15.745
  71.710
 -69.657
 -32.819
  13.892
 -41.493
 176.074
 106.057
 -76.134
  26.751
 -75.672
 -19.766
 -53.511
 -32.164
  24.363
  -9.653
 -82.903
 -81.002
 127.321
  11.717
 -43.488
 -32.030
 153.864
  63.792
-162.443
 172.084
  90.329
  49.379
  -1.999
  56.967
 -91.120
  -0.034
  12.868
  63.894
  84.662
 -63.753
  64.663
  28.689
 157.672
 -45.534
 -63.966
 -58.499
  30.176
  40.392
 -41.054
  32.274
-105.901
 -74.725
  19.654
  36.990
   4.037
 -39.319
  -5.784
 -20.556
  62.088
 -53.404
 -19.917
  66.937
   2.057
 -37.000
  24.570
 -83.325
  96.542
 128.677
   4.910
 -52.399
 -24.852
 -30.591
  29.105
 -13.813
 -36.205
  22.960
   8.575
 -82.708
  23.845
  95.355
 -43.750
  13.494
 -28.629
  -6.717
  17.006
  12.780
  24.998
  -3.864
  15.294
 -75.653
 -30.057
 117.330
-218.496
 -17.305
  90.822
 -54.242
  44.778
  59.565
 -47.587
  28.681
 -66.389
 180.399
  39.638
 -10.742
  72.092
  88.321
 -24.327
 -53.005
 -50.657
-199.905
 116.490
  98.161
 -80.032
  50.200
 147.825
  74.447
 135.976
   0.410
 -32.777
  59.483
 -45.637
   1.468
 104.006
 -23.734
  -7.144
 -24.121
   9.101
 -57.095
  22.460
 -91.817
 -93.527
  50.336
 -47.195
 -15.190
-129.416
 -51.988
   4.844
  79.670
  66.639
 129.105
 141.180
 -84.525
-113.848
  -2.123
  41.809
 -18.850
 -35.445
  47.033
 -17.276
 -56.378
  46.069
 -38.166
 188.504
  38.962
  27.349
 -70.508
-131.925
-145.180
  52.770
-133.920
 -42.282
  62.744
  79.286
 -54.187
  72.828
  62.067
 -60.579
 -10.961
 -53.562
 -46.673
 -43.988
 -24.755
 -15.832
  36.533
 -37.445
  -6.814
 -50.047
 -27.754
  16.589
  23.817
  64.109
  18.428
  36.631
   2.226
  86.813
 186.353
 -27.207
  70.788
  26.497
  44.302
  17.204
  18.005
   0.091
 -18.580
   8.330
  -5.598
  80.077
 -43.018
 -17.082
 -74.284
  98.401
 -94.167
 112.949
  18.487
-124.108
 -49.429
 -42.355
 -31.184
 -62.419
   4.850
  41.586
 136.471
 -31.489
  39.548
 -26.605
  44.895
 -34.023
   0.256
 -33.877
 -50.616
-161.597
  65.623
 -18.899
 -74.503
  77.427
 -42.808
 -25.408
 -15.698
  22.638
 -49.521
-114.373
-119.197
   2.318
 242.280
-131.744
  55.180
  34.410
  -3.955
   8.986
 -30.634
 -10.380
  50.080
 -25.334
 -17.702
  37.001
 -52.799
 -32.228
  62.767
  53.425
  29.697
 -77.575
 -16.410
  56.357
  38.325
  41.475
  -9.981
  57.808
  37.730
 -20.381
 -12.511
 -24.100
  68.535
  15.000
  88.792
  49.844
  26.010
 -42.980
 -22.857
  13.423
  50.692
 -25.105
  78.664
  28.737
   2.471
  53.660
 -64.229
 -80.272
 -21.656
  51.949
 -29.786
   7.543
 -71.651
  19.813
 -72.109
 -34.141
  72.408
 115.768
  38.151
  80.252
  -7.189
 -43.574
-125.854
   3.346
  48.125
 -14.477
  75.469
  25.515
  89.461
   4.850
  57.067
  54.090
-133.781
 -58.489
  26.841
 102.649
-133.774
  43.063
  60.051
 -71.288
  54.181
  78.485
  75.228
  60.558
-133.964
-108.348
  14.822
 -64.119
  39.401
  18.954
  37.343
 -15.828
 -22.920
 -64.087
  75.099
  59.031
  25.213
  40.799
   6.312
  68.314
 102.111
 -43.611
 -60.467
-146.597
   2.397
   1.612
  45.003
 -77.893
  23.901
 105.409
   4.680
  30.383
  60.653
  77.629
 -88.933
 -18.040
  48.193
 -69.397
 -34.301
   2.305
-166.277
-116.920
 -26.997
  23.963
 -65.134
  -2.086
 141.482
 -74.287
  40.444
   1.823
 -22.941
 -54.236
 102.546
  12.464
   1.429
  32.390
  80.605
 -50.611
 -57.053
 -52.623
 112.830
 -65.238
  47.866
 -68.516
 -62.784
 -65.710
  29.190
-109.654
 -42.566
-132.549
 -26.017
  39.018
 -88.112
   6.581
 -45.783
 -79.180
 -15.966
 -44.703
 -83.513
-109.519
 -53.437
  -4.064
 -99.919
-114.672
  29.753
 140.835
  64.951
 124.841
 -39.089
-111.908
  59.083
  12.902
 -33.038
 -81.138
 -10.965
 136.355
  52.173
  36.494
  53.342
  17.897
 -80.026
   2.925
 -70.960
  33.121
  47.037
-139.533
 -13.309
  22.193
  78.954
 -25.845
  -4.268
  66.281
  11.102
  64.357
  19.478
 -14.610
 -90.863
  38.307
 -34.629
 -16.696
  51.973
 -13.033
   1.365
  89.572
  58.837
 -45.544
  35.647
 -55.889
   3.349
   2.580
 -22.853
-130.689
 -89.643
 -76.834
 -16.548
   3.407
 -32.447
  -8.038
 -64.662
  95.119
 -17.381
  -3.444
 -25.115
 -74.452
  68.103
 -32.124
 -54.268
  22.717
  96.593
  74.166
  71.348
-115.195
-131.593
 -75.292
  47.642
  36.665
  13.778
 -19.602
 126.647
 -84.627
-139.299
  72.222
 -42.088
 -21.339
 -32.721
 -28.767
 171.382
  34.836
 -44.919
  52.165
 -85.242
 -30.287
  14.113
  38.096
  32.330
 -97.415
 -55.898
  18.730
  49.250
 -19.660
  42.492
 -37.589
  44.447
  61.660
-114.827
-141.122
  65.196
 175.525
 -21.450
 -12.477
-142.189
-123.292
 106.388
-129.595
  38.626
  40.504
 -11.194
  25.722
  54.961
 -57.292
  89.913
  57.266
  25.890
  12.943
 -35.888
  70.496
 -64.501
 -64.399
 -43.644
 -65.102
  43.009
  38.312
 -61.444
  80.385
  25.126
   4.502
 -16.978
  91.085
 171.511
  62.542
  61.523
 -70.592
  53.509
 -20.919
  22.206
 -74.221
 -85.094
  88.700
  82.751
 -54.524
 -14.521
  41.908
  -5.504
  -1.983
 -30.703
 -75.552
  23.573
 -30.453
 171.398
  74.879
  -1.891
 -56.019
 -35.612
   1.858
 -54.787
 -38.987
 -81.907
 -36.987
  32.254
  84.791
 139.531
 -65.338
 161.441
-181.192
 -54.921
  75.219
  87.790
 -45.596
  49.964
   2.890
 -46.237
 -72.460
 -36.364
 -14.961
 -57.900
 -44.566
 -80.302
 -33.812
 -41.473
  -0.579
 -93.618
  41.598
 -67.781
  14.238
  23.958
  43.146
 -58.336
 -24.607
  26.923
  67.662
  11.607
  -9.957
 -40.282
  98.657
 -21.218
  23.434
 -81.838
 -39.769
-175.357
-109.811
 -62.408
 -64.093
 -39.071
   7.477
  58.934
  40.520
 -57.382
 -91.651
 -18.360
 -33.474
 -70.085
  81.598
  17.041
   7.528
  38.395
  45.101
 -18.935
  -5.753
 -35.382
 -28.750
  38.943
  29.031
   1.939
  63.354
 -47.522
-187.832
  61.051
  16.730
  -0.382
   5.370
 -15.050
 -27.296
  25.797
  -6.491
  50.939
  12.403
 170.999
  59.178
  76.015
  -2.419
  66.484
 -12.488
 -69.955
-158.564
  52.764
  69.246
 -93.002
 -11.485
  85.908
  85.031
 -78.503
 153.174
  36.690
 -27.237
  96.534
 -33.687
-108.589
 -56.424
 102.243
 -94.950
 140.961
  37.992
  14.151
  84.622
  64.434
 -51.928
-107.377
 -72.275
   0.087
  47.294
-123.950
 -62.119
 -54.615
 -63.976
 -63.497
  58.795
  48.883
  52.176
 -49.548
  24.228
  -9.270
 -82.862
 115.321
 -45.511
 -34.938
  -6.530
-114.987
-118.816
 -21.208
  33.162
-150.648
  25.368
 169.585
 -83.415
  82.461
   6.369
-112.482
  48.379
 -68.671
  84.800
  75.433
-131.792
 -74.850
-103.415
  43.709
  56.117
 112.088
  72.667
 -16.876
-127.933
  88.268
 105.057
-102.288
 129.556
 109.098
 181.744
 -15.823
  -9.833
 103.168
 -15.881
 -54.003
 -72.668
  13.791
 -23.600
  -4.000
   7.130
  47.092
-114.316
 111.381
  38.382
-194.683
 -87.690
  86.090
 -80.413
  91.586
  80.645
 -58.052
  -6.942
   7.782
 -64.138
-110.853
  58.186
 -33.752
  -6.604
  54.547
 -70.852
 -52.400
  15.000
  82.818
 -80.285
  68.404
 -90.185
 -55.047
 -47.106
  62.938
  -3.763
 -39.746
  51.690
-177.414
  17.463
-102.902
 126.328
 -68.808
  68.572
 -28.416
 -29.352
  19.745
-106.648
 -31.470
-162.680
 -56.271
 -25.792
-130.238
 -48.233
  16.365
 -44.685
  16.795
 -25.977
  67.832
-139.042
-165.203
 -96.537
  -2.871
-117.751
 -51.654
  19.205
 -74.326
 103.081
 -21.712
  52.824
  33.068
 -20.579
  37.377
  71.002
 -24.374
  44.760
   7.850
  98.117
  45.504
 176.782
 -20.506
 -90.288
  20.692
 -16.021
 -86.802
  70.126
  33.697
 -34.798
   9.588
 -51.489
  72.530
 -82.428
 -26.127
   5.837
 126.473
 -88.792
  34.570
 -62.948
  14.309
 -11.702
 -28.021
 -68.929
  -0.084
  -1.068
 111.780
  78.123
  15.588
   8.609
  -3.796
 114.141
 -38.613
 -40.442
  60.306
 -29.486
 141.958
  90.071
 108.588
  26.577
  13.299
  18.468
  12.067
  39.319
 106.857
 -12.033
 -36.587
  47.613
 -30.347
  26.911
 105.877
 104.857
  20.878
 -71.078
  20.226
  33.250
 -73.222
  34.253
  -4.536
  69.670
-130.081
  -3.181
  97.582
-102.082
-110.701
   2.264
-156.714
 -85.869
-101.980
 134.223
 -80.241
  19.747
 -34.184
 -11.400
 139.601
  -8.178
  15.767
 105.144
-131.304
  97.104
-103.530
   0.329
  -7.696
 -41.255
  46.545
  -1.094
  48.885
  55.621
  81.244
  40.577
 110.831
  27.306
 116.530
  81.636
  12.629
 -44.732
  50.462
 -67.055
-111.132
 108.310
  23.648
-119.615
  91.189
 -48.381
-102.856
 123.570
   1.042
 -34.679
  89.633
-106.120
 -63.508
  62.429
  68.748
  99.630
   9.563
   2.248
  -1.438
   1.723
 -50.652
 -40.489
  31.936
 132.451
 -69.690
  13.919
 -55.260
  46.180
  26.641
  54.969
  73.641
  21.426
 -91.103
  14.021
  28.765
-121.733
 -19.938
 -30.913
  91.644
 -75.285
 -31.029
-119.212
-138.858
  -4.813
 -58.929
  67.744
  94.492
  96.079
-197.346
  33.249
 -17.314
-156.977
 129.444
 -79.611
 131.546
  78.367
  35.382
 -28.008
  30.563
 115.682
  65.977
 108.678
  80.329
-116.982
-123.858
  27.877
-104.995
  91.862
 158.587
  59.548
 147.338
 -35.853
 -57.745
  12.813
 -28.583
  33.190
 -26.538
-127.539
  36.836
 -65.564
 -24.055
-155.093
   2.833
  35.217
 -38.369
 -20.306
 -26.928
 -46.265
 -34.145
   1.917
 -42.878
  19.481
 111.503
  12.154
  76.893
  73.882
  41.536
 -98.310
-112.251
 -14.339
  93.344
  80.930
 116.666
 -36.351
  52.848
 127.162
  -0.788
-109.320
-162.489
-154.818
  25.014
 -29.900
  22.421
 -44.523
  44.400
 112.291
   5.412
  32.706
 -43.687
  -7.761
 -90.675
 -42.306
 -15.991
  80.022
 200.510
 -61.715
  14.833
 -11.228
 -65.250
  46.509
 -23.344
  27.401
  34.204
   5.809
   0.040
  73.991
 -37.989
 -40.564
 121.033
  50.464
  89.597
  32.849
 113.891
  -4.875
-140.083
 -27.853
 -62.142
  35.795
  15.506
  -8.829
  -7.299
 -39.345
 -64.180
  44.186
 -18.024
 -46.345
   0.352
 -77.917
 -52.446
-140.547
  -2.451
 115.378
  32.888
 163.746
  38.729
   9.530
  55.829
  42.922
  51.981
   2.103
 -33.531
 -30.446
  32.168
  42.702
  91.472
 -61.644
  10.574
-111.342
 136.993
  56.489
 -49.364
 -13.769
 -62.579
  99.995
 -56.987
 -43.523
  37.638
 216.256
-179.740
 163.529
  99.406
  43.443
  45.850
   4.979
 -91.324
  -9.049
   5.099
 -51.297
  58.578
 136.991
  -5.634
 -40.287
  67.245
  97.672
  31.668
 -48.151
  72.443
  21.939
 -53.978
 -83.521
  38.366
  21.510
  77.862
  69.962
 -32.614
-101.739
 -22.659
  74.024
 -43.985
 -27.827
 -67.019
  -0.357
  10.207
  44.288
 -90.051
   0.085
 -75.970
 -99.460
  14.774
  -2.489
  34.703
   1.021
 -21.722
  70.587
  65.409
 -16.312
 -98.398
  29.812
   7.233
 -47.510
  46.053
  23.699
 -23.430
  20.239
 -57.537
 -16.093
  48.239
 -95.474
  40.613
 144.098
  86.390
  89.990
  49.676
  52.135
  12.908
 -44.215
 -51.832
 -74.755
  48.465
  28.020
  53.608
  94.606
  38.269
 -17.780
  72.663
 -23.605
  22.468
 -62.537
  48.463
 -38.586
 -36.444
 -79.667
   0.745
  10.615
-158.532
  10.428
 -77.500
  98.150
  19.894
-120.334
 -43.659
  48.313
 -74.283
 128.516
 -27.861
  21.544
  74.823
  29.663
   5.411
  58.396
  58.036
 -42.739
  18.551
 -54.381
 -60.291
  61.470
  -6.966
  67.592
  39.909
  68.742
-201.053
  -8.316
  20.569
-133.344
 -41.420
  61.490
   0.900
 -23.678
  65.310
   6.689
 -25.238
 -22.704
 -60.490
-126.609
 112.385
 181.227
 -90.691
  85.736
-173.490
 -62.862
   7.118
 -18.516
  51.104
 -98.376
 -93.629
  55.767
  70.703
  -3.664
 -97.318
 -76.498
-121.409
  41.550
  43.979
  17.365
 -85.487
-123.379
 -75.913
-159.347
-117.749
 -88.050
   4.314
-103.760
  -4.085
  33.285
 -11.831
 -16.895
  56.805
 -58.704
 -72.137
  59.815
   5.779
 -10.039
  13.059
 -58.378
  27.691
  31.069
  33.650
  98.346
  -0.724
  32.274
 -49.931
 -38.907
 166.128
  27.309
 -67.340
  26.042
 -29.658
 -76.925
  36.198
 -43.160
  42.017
 -22.757
-110.923
-147.443
  15.675
  92.851
  87.318
 -38.980
  42.796
 -52.872
 -14.809
 -41.661
  36.186
  25.336
 -36.131
 105.230
 144.745
  51.282
 101.360
  95.912
 118.814
 -39.501
 -28.133
   1.461
  48.028
  86.491
 220.840
  55.188
 -72.886
 -11.790
 107.415
  52.033
  41.048
  19.865
 -48.398
  17.560
  19.666
  14.249
  62.075
  13.006
  59.616
   7.555
 -55.721
 -68.518
  37.217
 -52.257
 -86.888
   9.572
 -22.625
  -1.463
 -44.641
 -48.178
 -12.048
  36.279
 -33.209
 -35.821
  26.274
  66.865
 -12.265
 -30.409
-101.785
 151.724
  75.147
  10.900
  90.042
 106.666
  67.160
  94.541
  23.379
  28.760
 -47.818
  19.128
  17.326
  15.332
 108.693
  73.149
  60.054
 -16.151
  54.743
 148.643
 -13.969
  49.430
 -79.213
-114.922
  37.813
  13.676
  57.306
 -59.087
 -23.428
  60.183
  32.452
  -0.871
 -16.691
 -70.162
 -64.614
 -69.824
  -1.008
 -40.484
  -8.618
 -81.646
 -68.607
 -80.462
 -82.068
 -25.514
  -1.025
  17.982
  14.877
 -10.845
  65.610
 111.305
 -37.807
  42.463
  17.617
  81.279
 -97.614
 -25.363
 -29.787
 -81.327
 -31.954
  25.104
  42.485
 -32.061
  32.281
  39.895
  34.350
  26.722
  82.159
 -36.620
 108.906
 -48.945
  51.348
  18.577
   5.451
  42.876
 114.689
-133.578
 -66.267
 110.727
  37.967
 -91.128
  84.985
  80.629
 -56.356
 -18.367
 100.896
  52.891
  49.876
 132.239
  -7.397
 -96.818
  12.270
 -82.138
  74.273
  34.593
 -31.599
 -37.939
 -32.424
   0.919
-103.666
 -11.566
-118.958
  77.372
 -24.229
 -11.232
  35.331
 100.567
 -52.861
  98.282
  85.279
  55.896
 -13.852
  49.826
 -38.942
 -14.538
  31.591
  -9.974
 -20.677
  37.567
 103.629
  -3.669
  81.969
 125.414
 101.777
 -73.614
  85.072
  18.282
  62.137
 -13.959
  94.981
  20.808
 -11.711
  20.917
  33.142
  13.780
  10.908
 -36.467
  67.523
   2.618
   7.046
 -23.338
  93.208
  80.316
  45.092
  -2.067
-102.815
   9.061
-136.218
 138.711
  81.457
 -52.066
 -60.671
 141.280
 -34.392
 -62.395
 -31.492
 -23.916
 -10.143
  80.053
 -47.932
 -93.764
  13.812
  48.771
  69.842
   3.015
 -60.847
 -36.325
-127.724
   6.238
 114.181
-246.912
 -63.211
  18.875
  25.425
  36.544
  59.385
-179.540
  -6.604
 -25.176
-162.326
 136.684
  -2.223
  71.579
 -43.508
 -41.651
 -58.481
  68.496
 117.454
  72.528
 160.729
 107.487
  18.121
   7.531
  24.403
 -36.828
  46.915
-115.134
  18.168
  44.126
 -35.514
 -48.546
  19.381
-116.971
  92.255
 -90.638
  25.054
-140.535
  40.172
 111.827
   1.001
  27.814
  40.541
  57.757
-131.981
   8.072
-115.521
   9.660
  10.881
 -58.925
 -48.227
  56.883
  29.749
  48.708
  18.592
 -67.489
 -68.244
   3.165
-113.964
  78.158
-188.038
   2.422
  78.205
  28.282
 -29.314
 -20.397
 125.675
  17.048
 -46.476
 -49.123
  92.544
  32.999
 -77.797
 -32.207
 -54.674
   3.280
  29.928
  58.712
-119.127
 -36.886
 -29.464
 -60.947
-144.449
  29.231
  73.335
  36.409
 -14.975
 -67.380
  68.288
 -61.893
  40.612
-133.922
 -35.574
  25.043
-139.954
 -25.708
 -30.031
-110.794
-105.303
 -67.658
 -15.270
 -10.707
  10.824
 -48.189
  61.514
-158.590
 107.762
 -79.557
  52.033
-124.955
  76.537
 -56.458
 146.543
  53.476
  69.764
 -43.091
  70.439
  31.578
  92.605
 114.478
  51.360
-116.516
  78.597
-107.356
-112.449
-108.640
  30.468
  68.044
  34.517
  27.369
 -55.463
  91.176
  50.107
   5.637
  64.840
 -16.334
  81.076
 -44.540
 -28.303
 -22.013
 -42.958
 -37.320
 -75.647
   8.016
 -43.458
   4.620
  56.200
  93.564
 -70.266
  65.653
  49.370
  14.289
 109.083
  -2.577
  27.799
  -9.865
   5.206
 -14.051
  95.044
 106.220
 -83.368
-163.023
  34.082
  33.308
 -41.972
 -86.758
 -89.936
-100.367
 149.854
  69.642
  94.148
  83.546
  69.968
-180.415
  63.242
 165.806
  11.914
 119.391
  24.857
 -35.391
  50.908
  29.584
 -93.801
  22.010
   2.073
 -39.973
 110.134
 149.361
  52.381
 -51.898
  96.345
  -3.916
 131.451
  82.171
 118.508
  31.444
-164.914
   0.760
  25.129
  69.743
 -63.411
 -41.558
  13.526
 -16.436
  63.771
  58.963
 -16.483
  93.254
  58.801
  28.044
 114.019
 -27.193
 -17.403
  -0.297
  79.321
  15.091
  77.697
  54.733
 121.044
-136.964
  15.379
  26.178
  45.035
  98.251
 -79.668
   4.353
  13.620
 -41.779
  68.155
-120.508
   8.953
 -87.471
-111.423
 200.898
  61.772
  15.789
  -0.859
 -98.185
 -10.428
  38.627
  46.067
-106.846
  33.313
 -41.001
 118.496
 -12.065
 -16.134
  22.003
  -5.584
  -6.396
  12.367
 -35.272
  51.096
 -65.377
  -2.222
   3.850
  38.417
 -10.232
  56.603
  83.938
  66.694
  37.594
   5.311
  -5.345
 140.511
  79.032
 -68.185
 -41.030
 -42.110
  65.803
 -51.860
 -90.349
 110.421
-138.029
  41.533
  48.278
 -44.452
 -30.627
  -6.895
 -19.962
-121.597
 -25.055
 -85.431
  -2.969
  82.045
  85.863
 -35.777
 -94.716
  -6.177
  13.855
 -28.061
 -72.149
 -44.872
 -92.827
   4.970
 156.277
 -53.739
  98.332
-158.370
-134.896
  63.198
  70.372
 -85.154
 -39.869
  10.318
  -5.595
  36.046
  21.866
  60.049
  52.553
 -57.812
  10.260
 -92.269
 -40.356
  55.991
 207.597
 -46.317
  23.158
 -39.715
  25.026
  69.498
  85.787
  -9.320
 -84.066
  97.829
 124.256
   3.866
  88.516
  87.891
 -24.549
  34.638
  79.908
 -36.996
  18.540
 -22.877
-128.568
  63.284
 -62.935
 -65.394
  56.151
   9.562
  19.194
 -41.043
  11.638
  56.158
 -95.400
 -43.854
 -40.086
  67.060
  -8.020
 143.580
   6.153
 -21.856
  16.163
 116.469
   7.691
 -73.646
-165.353
  27.020
-128.213
  93.296
   1.685
  14.305
 100.399
 124.024
  37.249
-143.045
  80.947
  -9.244
  -1.307
 -21.048
  28.936
  45.589
 -19.492
 -69.166
 -72.573
  38.810
   3.404
  -5.896
  55.141
 108.925
 153.399
 -46.871
 -57.249
 -62.499
  45.521
  17.248
 -24.018
 -63.806
 -72.004
 -58.395
 -72.448
 -23.890
 -30.481
  55.816
 -28.299
 -59.599
-146.396
 177.992
  76.552
   9.260
  60.098
  75.898
 -11.411
  61.593
  25.204
 -45.346
  14.688
 -33.056
  53.505
 -32.035
  42.583
 -45.962
  24.253
 -99.543
 -20.374
  69.554
  14.435
-180.069
 -13.399
 -98.696
  12.862
 -91.194
 -46.100
  35.525
 -43.715
  39.622
 -70.711
 -37.142
  24.303
 -50.632
  15.135
 -87.503
   8.487
  -1.369
  46.778
  82.617
  40.810
   5.850
 -54.112
  64.283
 -23.239
 -10.618
  -2.253
  -0.664
  21.318
  24.570
   0.986
 -46.384
  -4.577
  59.215
  26.836
  -1.076
   2.504
 176.070
  -9.228
 -29.141
 136.408
   0.792
  -5.675
  54.955
  98.229
 -65.513
  60.954
  37.401
  31.150
  14.877
 -90.763
  13.120
 -17.978
  52.732
  74.378
  29.039
  68.876
 -13.884
  49.634
  -9.037
   7.687
 -59.846
 183.678
 118.699
-203.472
-101.014
 -34.257
-169.717
  15.771
  12.382
 -35.680
  19.694
 -35.906
  -0.375
  83.051
 -17.425
  25.503
 -74.505
  18.967
  20.911
   9.104
   9.851
 -21.814
  37.580
 130.472
  -8.372
  14.160
  25.224
 114.118
 -80.760
-110.114
 -47.084
  69.349
 -67.885
 -34.385
  13.303
  13.200
 -21.805
  72.681
  49.397
 -11.975
  49.375
  37.688
 -95.132
 -50.359
  -4.061
  72.503
  -4.418
 102.194
  11.219
 -80.521
  49.643
  65.154
-138.223
 -58.926
  78.729
 124.988
 128.954
 -51.827
  -5.559
 146.506
 -31.729
 -23.733
 143.806
 -24.031
  90.068
-115.293
  14.259
  70.024
  31.195
-123.164
 134.079
-153.377
  25.771
  14.555
 192.666
 -76.856
 -31.094
 -63.328
 -17.992
  41.501
 -19.781
 -99.036
 -10.488
  30.843
 -22.457
   2.764
 -22.129
  -0.844
 -96.451
  76.540
 -72.474
  78.973
 -14.351
 -13.718
  -3.371
 -57.326
 123.218
  54.019
  43.063
 -34.770
 -63.630
  21.593
  66.285
 -49.774
   8.676
  59.855
  12.484
  60.048
 118.272
  19.670
 -32.701
-108.884
  -3.336
  87.972
 105.290
  28.829
   1.553
-105.216
 -73.917
 -24.867
-108.835
 120.648
 -38.452
  25.139
 158.544
 -78.641
-100.294
 -12.140
 -12.971
 -20.567
 -97.706
  42.559
 -56.063
   5.886
 -14.490
  28.077
  58.751
 -54.858
  -2.572
  51.111
 -18.662
  65.198
 -11.041
  30.521
 123.902
  28.714
  61.712
  15.448
  16.466
  11.440
 104.487
 -65.585
-123.007
  66.453
  30.318
  14.082
  37.522
  -1.503
-227.550
  54.317
  10.378
  17.860
  -6.255
  39.437
  27.859
  75.007
 -61.239
  31.966
  45.615
 102.243
 -46.322
  76.782
  59.238
 -37.966
 -80.121
  70.351
  31.449
  68.729
  -8.793
  74.704
  49.433
  71.504
  24.833
 209.935
  -2.585
 -76.287
 -40.985
 145.103
 -26.375
 -46.093
  94.993
 102.933
 -38.915
  77.433
 -79.267
 -32.744
 -76.311
   2.284
 -84.038
  24.838
  -0.651
   6.632
  23.213
  16.861
  13.193
  -0.735
-104.414
   0.436
  44.030
 -20.389
 169.933
 -80.467
  79.628
 -19.489
  -8.756
  41.824
 -81.199
  82.371
  48.007
 -75.201
  72.792
 -63.384
  75.242
 -79.657
-100.887
 -37.227
 -74.114
 -89.076
   9.464
  41.657
-102.670
  57.126
  83.678
 -12.784
  -6.127
  51.228
 -11.580
  24.904
  26.111
  88.746
-121.147
 -52.868
-149.329
  98.862
 -69.121
  92.166
 -12.585
 -33.649
  43.504
 -10.644
  64.278
   5.309
 125.964
  27.073
 -61.332
  14.375
  32.790
 -30.790
 -18.039
  45.325
 -98.278
  -7.913
  10.188
  22.345
 -22.613
 -40.674
 -27.232
 -65.053
 -15.089
 -23.635
  53.621
 -71.339
  31.764
 108.588
  48.814
  36.910
 -48.870
  -5.970
  31.880
  29.857
  13.924
 115.679
  41.400
  33.756
 101.382
 151.021
  33.772
  23.783
 -37.064
-194.716
-113.044
  47.092
 -47.142
 -75.654
  63.986
 -84.895
-112.267
  35.306
 109.204
 -61.253
 -92.828
 103.938
 -85.956
 -16.856
  50.292
 -15.963
 -33.661
  15.131
   9.391
  -0.828
 -20.907
 -15.368
  41.372
  25.600
  90.416
  39.156
  39.040
  66.271
  34.323
  41.382
 -92.146
  65.959
  -4.876
 -71.382
  39.782
 -22.243
  88.502
   4.211
  59.279
 -79.144
-140.593
-135.905
  43.339
 -60.264
 -93.626
-146.645
  17.986
 -65.546
  34.781
  32.636
  45.439
 -81.995
 -77.588
 -94.669
  77.375
  41.090
-107.427
 -20.137
 161.487
 -50.527
  22.228
  31.413
  -9.381
 -32.034
  13.663
  18.902
  75.005
 -50.162
 -27.326
 -72.339
 -47.647
  15.646
  49.670
 -36.138
 -97.774
-103.128
 -60.819
 -76.274
   7.765
   5.329
  62.667
 -17.358
-103.744
 -54.437
 -35.905
 -36.522
 172.469
 -59.201
  40.705
  75.422
  70.010
 -19.684
  40.862
  71.991
 -16.460
 108.752
 140.920
 -48.800
  58.525
-120.394
 133.289
 -24.692
 -64.234
-179.664
  57.140
-243.896
 -75.837
 -47.212
 -39.600
 -98.444
 142.960
 -19.191
 110.860
 -75.606
 -20.469
  39.766
  85.398
 -83.033
 -20.671
 -29.902
  38.214
 105.467
-101.241
-144.026
  91.799
 -35.795
  34.144
  79.825
-186.407
  40.424
 104.936
 -33.793
 -89.818
 135.975
 -51.152
 -46.952
  16.051
 -38.212
  51.558
-103.252
 -12.045
 -61.430
 -30.053
 142.062
 126.525
  24.654
 -15.737
-111.227
 -26.348
  11.375
  16.514
  40.073
-100.859
 -43.696
 -75.889
 -29.416
 -26.590
  16.302
 112.391
  29.975
  52.261
  77.252
   0.905
  78.996
 -18.369
  56.250
  67.082
 -31.474
  86.055
 -60.613
  49.362
 -74.608
  85.134
  13.293
  15.653
 -29.770
  93.308
 -71.683
 104.189
 -70.087
  70.080
 -61.885
   4.963
  58.126
 -99.696
 -13.393
   3.182
 -84.893
-109.774
  23.892
 -55.008
  21.282
  18.492
-132.962
 -93.444
  -4.897
  81.337
  33.321
 -72.795
 136.167
-160.297
 159.432
 -26.850
   6.371
 102.703
  25.755
   3.052
  87.835
 -19.899
-162.839
   3.191
  25.143
 -48.658
-116.646
 -46.916
  16.199
   8.270
 -10.778
 -30.639
  63.045
  76.183
  43.635
  71.785
 -41.355
-144.373
   6.206
   9.651
 -57.501
  85.343
  19.757
 -50.224
  19.181
 -40.253
 140.088
-109.356
 -62.552
 -54.617
  16.621
 -52.291
  28.507
  -0.863
  50.642
 -51.620
 -28.583
 -13.784
  14.401
 -18.243
-140.310
   6.254
-135.157
 -30.974
 -31.532
  68.650
  48.180
 -54.328
 103.515
  35.669
  92.476
  53.274
 -63.831
 -32.753
 -44.823
 154.987
  21.906
  17.717
 -54.746
 -59.217
 -45.656
 147.964
  -6.903
 -33.989
 106.279
  45.612
  28.008
  32.070
 -32.119
 -41.373
 -21.083
  36.809
  59.649
-110.531
  98.241
-189.766
  19.575
  41.618
  -6.064
  61.922
 133.130
 -91.604
  74.110
  85.037
 -18.381
 -21.324
  -2.630
 -15.172
  38.516
  28.413
 -33.575
  53.264
  57.948
  33.602
 -10.005
  16.820
  55.919
  32.768
  33.992
 -33.372
  30.672
 -49.964
  40.458
  13.525
  19.302
   7.230
 -52.204
 -17.518
  36.074
  20.649
  -5.154
-122.945
-134.924
 -83.184
  22.590
  32.961
  84.778
  21.986
  -1.300
 -10.458
 -27.921
  27.970
  11.856
  60.893
 -79.745
 -91.292
 -24.728
  22.527
 167.577
  52.595
 -41.927
 -28.852
  51.830
  70.644
 -19.141
  67.418
 -75.413
 123.633
 -73.366
   6.288
 -56.181
-138.206
-110.437
 -39.323
  52.256
  31.873
 173.422
   3.215
  -5.720
  33.699
 -13.286
  34.753
 -37.286
 -65.778
 153.962
  43.943
  39.348
 -35.804
 117.337
 -18.745
  -9.457
  -8.892
 -47.997
-186.954
-111.585
 -76.449
 -62.196
 -83.802
  56.248
 -63.710
 -15.994
 -41.051
 -92.004
  42.371
  81.602
  14.910
  25.534
  93.800
 -51.448
  22.916
 189.858
 -24.354
-149.233
  26.834
-158.115
  16.649
 -43.734
   1.183
-111.382
 -30.389
  54.991
  13.374
  12.869
  18.583
 -60.943
 -84.419
  -2.584
 -20.575
 -13.579
 -42.212
  90.416
 108.325
  20.139
  11.562
  13.188
-154.894
  50.466
  37.799
 -88.514
 -60.942
-158.882
 -15.864
 133.450
 -44.751
 -77.518
 -17.093
 -20.930
  44.315
 -37.476
 -41.372
  24.672
  31.422
   3.365
 -46.854
  20.201
 -18.310
 -83.175
  88.006
-120.149
 -44.332
   1.559
  94.832
  -4.164
 -81.297
 -63.247
  30.622
  31.556
  -5.155
 -99.161
  -8.452
 -33.436
 -17.490
  52.272
 -32.533
 -62.017
 -26.911
  27.967
  12.622
 -14.680
  34.675
 -30.523
  61.939
 -16.381
 -37.586
 -82.042
   1.303
 127.579
-142.692
 -62.614
 -13.329
 -94.591
 -24.051
 106.464
 -27.014
 189.452
-115.296
 148.447
 161.611
  73.370
  73.939
 -55.720
 134.067
  87.707
 -85.928
  -8.751
-155.670
 -96.179
  42.599
   4.813
 -63.977
 -19.776
 -17.543
 -36.849
 -33.668
 -57.574
  -1.918
 -30.007
  24.469
 -41.825
   7.902
  57.138
 -87.479
 -20.245
-135.349
 -35.719
 -96.812
 175.992
-120.481
  17.962
   0.384
 -14.553
-139.655
 -62.520
  16.040
  28.940
-158.666
 -59.595
   8.903
 -39.125
  24.932
  24.330
  93.596
  74.297
 -86.689
   1.156
 -11.697
  20.799
 -23.566
  48.332
-150.569
 -37.196
  31.541
 -55.022
 -30.331
   7.969
 -71.483
  44.470
  28.573
-104.037
-173.059
  35.410
 -52.732
  28.861
 -40.865
  59.818
 -25.121
 126.101
 -10.249
  51.144
  80.346
   5.840
  48.629
 -45.284
 -25.175
  -7.352
 -13.221
 -64.547
  15.831
 -41.021
 -44.667
  33.950
  13.830
  39.686
  91.754
 -23.373
 -73.560
 108.878
-110.148
  58.917
  54.318
 -20.374
  52.545
  92.694
 -16.531
 172.462
 -33.496
  26.261
 116.736
 -92.776
 -19.542
 -53.072
  39.347
  42.267
 109.279
   8.299
  36.034
 -78.017
  10.843
  49.911
 -40.366
-111.030
 183.480
  40.354
 -97.767
 -51.485
  49.149
  69.961
 -40.351
  21.545
 -28.060
  17.631
 -48.200
  17.689
-100.307
  13.687
 141.386
-104.557
 172.203
 100.688
-141.626
 -32.057
  14.362
  44.477
  62.102
-135.156
  44.290
  14.239
 -14.521
  -3.459
  62.909
   5.520
 -48.849
  12.500
 -18.315
  27.206
 -49.236
  83.282
  35.474
  52.270
  41.991
 -28.404
  -1.445
 126.343
 -53.401
  25.905
 -36.993
 -10.491
 -31.522
   7.866
  -5.459
  -6.241
  52.869
  43.833
 -57.152
 124.599
  -3.997
 -82.743
 -40.188
 -38.040
  42.575
 -41.550
 -51.570
  76.635
  79.152
 132.476
 -80.800
 -62.030
  -6.301
  20.497
 -28.028
 -14.733
 104.383
 167.091
   6.805
 114.776
  28.473
 -17.098
 -25.045
 -36.403
-140.001
  51.851
 -20.526
  44.733
 122.934
 -33.813
 -99.079
  29.367
 -72.628
 -51.090
  63.100
  74.520
  94.962
  69.683
  32.859
  29.146
  -8.010
 -11.285
  41.644
-111.697
-134.946
 176.206
 -86.131
 165.377
  59.488
 103.456
 -63.089
  47.013
 -93.103
  50.392
 -35.571
 113.658
  65.368
 -29.992
  34.014
  62.354
 -73.935
 -68.168
  80.034
  22.479
  -7.753
 -45.243
  91.511
 -91.937
 -51.355
  79.569
 -18.317
 -17.009
  52.474
   7.015
   4.749
 -60.610
 -67.590
-134.651
  13.315
  99.337
 -36.064
  78.968
 -27.672
  30.777
 -25.921
-139.532
 -34.337
 -38.749
  20.904
 -44.065
  58.973
 -47.524
 -27.516
 -59.724
  43.860
-117.063
 -71.746
  64.779
 -75.704
-104.584
 105.318
  40.557
 136.356
  34.441
 109.168
  57.494
 -38.935
  99.468
 -97.998
  -3.768
  81.877
 -88.361
  27.335
  68.508
-141.394
 -38.313
-120.468
  25.877
 -48.089
 -73.370
-142.440
  76.854
 -72.779
  12.051
-119.711
  11.748
-109.129
 102.679
  27.142
  24.310
 -60.071
 -81.957
  73.747
 -22.976
 -69.725
  72.367
  -4.177
  -3.947
 -20.503
 -34.594
 -92.976
  -5.249
 -37.004
  23.151
  84.011
  39.272
  55.611
   3.080
  51.545
  97.633
  57.801
 164.791
   5.900
  86.732
  12.967
 -61.292
  56.513
 -41.291
 -19.508
 -53.714
 -45.703
  59.894
  -0.957
  24.045
  17.674
  61.623
-130.085
  36.146
  -2.467
-136.043
-113.363
  29.905
 -61.259
 -48.929
 -79.343
  32.539
 -71.871
 -10.952
-224.843
 -27.708
 -62.964
 -87.907
 -59.858
 -70.200
-157.357
  17.363
 146.086
 156.810
 -11.212
 -33.425
 -42.352
 100.742
 106.724
 -43.664
 198.115
-164.727
 -85.722
  46.690
  61.158
  77.409
  60.989
  10.464
  12.220
  48.778
  -4.854
 -48.834
 -84.302
  17.503
 -14.016
 -52.687
  83.197
-121.943
 153.277
 -55.664
  97.281
  92.721
 -82.688
 -29.935
 -17.358
 -96.459
  50.354
  -3.717
 -62.077
 -99.437
  85.543
  29.111
-103.792
 -14.736
  34.852
  -5.969
 -44.362
 -34.567
 -98.509
  68.398
-163.382
  -2.755
-146.421
  64.910
 -78.152
 -58.857
 -76.141
 -62.574
 -32.431
-125.508
  72.458
  22.125
  25.341
  35.856
   7.752
  23.878
  10.960
 -46.430
 173.005
  94.719
  40.465
   6.714
  18.963
 182.815
  40.268
 -41.032
 -54.751
  76.823
 171.648
 -14.466
 -48.262
  -6.183
  17.145
 -67.772
  60.297
 -41.983
 -62.747
 -10.253
  85.413
 -23.519
   9.336
  24.423
 -87.785
  47.565
 -75.457
  67.593
  66.171
  30.328
   9.456
 118.873
   0.572
  18.172
 -72.759
 -26.631
  41.775
   2.584
  45.219
 -82.645
 -79.822
  25.047
  11.949
 -48.371
 136.581
 193.277
  84.213
 -55.314
 138.105
  77.599
 -76.922
  37.115
 -73.859
  36.308
 126.981
 -99.417
-103.608
  53.533
 -92.462
-107.728
-117.036
 -20.101
  98.877
 -41.457
  43.151
  62.378
  57.073
 -64.473
 -72.348
 -56.821
-133.088
 109.559
  63.181
  -1.300
-134.533
 -50.949
 -71.844
 157.908
  -5.574
  25.559
 -39.887
  19.090
 -13.381
  79.085
  13.642
  21.572
  60.763
 113.898
 136.134
  21.917
  67.157
 -71.029
 -61.230
 -26.665
 181.975
 -28.880
  44.454
 -17.626
 112.833
 -51.643
  15.267
  -4.574
  63.886
  -7.294
  36.391
 -16.893
 -65.317
  52.267
  50.870
-163.844
-126.751
  73.126
 -54.045
 153.649
 -78.919
  44.614
 -34.688
 148.381
 -62.685
  17.175
  29.658
-138.453
  40.571
 -20.349
 -69.272
 150.705
  -6.722
  -6.464
   8.415
  92.283
  33.380
  29.940
-125.430
 -76.160
  33.022
-117.646
 -11.446
  54.686
 228.307
-157.967
 -45.341
 -11.261
 118.220
 -55.517
 131.352
  53.266
  35.654
 174.919
 109.183
 -64.813
  49.475
 -34.781
 -18.656
  67.873
  49.613
  -2.143
  22.020
  74.474
  -4.461
  50.223
  32.041
   8.104
  -3.685
  84.604
  67.606
 -25.687
  35.923
 117.482
   5.891
  40.516
  24.666
  50.204
-102.869
 103.482
 -14.434
  74.829
 -83.027
-168.585
  26.859
  23.927
 -28.429
  75.565
 -78.898
 -67.687
 -54.403
 -83.353
  30.280
 -24.302
 -89.965
  42.257
 147.612
 142.850
  98.931
  13.272
  26.642
 -92.416
  59.451
 103.583
  58.366
  50.729
-120.738
  74.902
  81.553
 152.310
-116.628
 -14.335
  66.054
 -11.065
  -2.274
  34.839
 -55.079
 144.006
 -85.561
 -76.926
 -26.468
  10.950
  -6.517
  13.361
 -17.205
 118.707
  13.376
 -31.738
 -65.408
   4.462
  14.751
  25.602
  53.017
 -33.833
 -47.752
 -17.446
-245.807
 118.487
  48.192
 119.130
 -69.617
  90.029
 -76.924
 -38.124
 -75.928
 -52.815
  23.422
  23.772
-119.699
 -54.182
-106.574
 -77.577
 -29.393
 113.206
   8.703
  29.152
   1.124
  32.667
 -52.702
  10.822
  41.513
 -18.532
  42.727
  79.277
 -53.427
 -92.880
 -17.079
  -7.021
  41.581
  13.425
  43.427
-151.415
   4.497
  83.913
  54.545
   2.058
 -33.083
  65.825
   4.674
 -15.135
-142.238
 163.806
 -59.091
  38.148
  20.649
   1.842
 -79.783
 -62.115
-161.806
 111.721
  56.392
 173.202
  -9.530
-108.272
 -13.090
 -41.204
 -26.476
  21.158
  -0.087
 -15.717
  19.798
 -27.296
 -22.107
  56.829
  26.933
  43.488
  36.329
  36.429
 -24.926
  78.826
 -26.012
-178.889
 -78.176
-217.992
 -21.998
 -34.462
-128.053
  66.449
 -82.140
 -18.797
 -70.795
   1.817
 -39.014
  53.457
  21.554
  46.454
 -69.999
 -56.359
  53.039
  47.791
  27.411
 -43.544
  47.052
  44.351
  45.006
 -41.793
 -59.061
 160.080
   4.054
 -91.346
 -39.264
 105.238
 -39.368
   1.593
 129.476
-218.773
   7.223
  17.424
 -15.307
  10.326
-182.331
  20.862
  19.945
 -22.157
  50.445
  81.670
 -64.320
  87.479
 -38.432
  -5.233
  14.114
  75.488
  80.055
  53.688
  42.852
  -8.012
  15.534
 -40.197
  46.949
 161.774
-114.728
  87.005
  52.312
   5.077
 -83.476
  93.767
  18.557
  -6.730
-105.720
   3.277
  83.128
  64.380
 -84.730
 -64.281
  -0.460
  46.739
  85.948
-108.136
  11.888
  52.206
 -74.919
 -62.805
   4.682
  93.400
  65.367
  -9.198
 -16.285
  75.403
  40.878
 -77.470
-166.229
-113.863
 -10.476
   9.894
  61.254
  -8.050
 152.672
  41.195
 -20.575
  77.098
  26.409
  83.290
  36.495
  28.217
  49.778
-108.590
  21.871
-119.974
  -2.166
  32.266
  26.259
  68.270
  42.237
 -15.081
 -21.508
 -94.185
 -14.741
   4.154
 -24.298
 -15.286
 -29.107
 -81.109
 -29.606
  40.654
  -8.382
 118.514
 -16.847
 204.714
-180.841
-171.193
  -9.032
 -90.138
 -39.737
 -10.656
  14.595
 -79.660
 -14.647
  52.572
 -79.199
 -10.288
  72.235
 -91.505
  25.400
  57.973
 -96.233
 -49.783
 107.181
 -70.511
 -72.601
  65.444
  22.547
  72.107
  -0.642
  40.304
 -33.962
 -90.874
  43.892
 -40.351
   0.245
 -40.622
 -98.151
  -7.449
  33.848
  68.460
  47.274
   9.080
  62.558
 -32.501
  -9.902
  76.236
  38.965
  80.901
  -9.049
  15.083
  36.005
  29.778
  34.037
  68.106
 -61.045
   1.220
 -25.223
 -78.055
 -31.785
 137.806
  66.893
 -18.566
 -66.526
  33.944
 -10.293
 129.001
 -68.379
 -16.400
  56.713
  76.721
   5.095
  75.017
  54.406
  51.024
 -33.047
 -32.423
 -37.289
 -19.966
  48.988
  51.025
 -47.461
  82.917
  28.388
  38.491
  44.002
 -66.514
-191.749
-109.411
  15.604
 -58.980
  -9.505
  38.660
-107.883
 -40.310
 -51.171
  57.369
-117.499
 -43.650
  42.147
 -79.639
 -62.992
 -35.171
 -90.493
  42.660
  28.650
  19.902
 -61.229
  73.357
  46.760
  -0.775
  45.090
  34.515
  81.771
 -19.390
-112.471
 -59.587
  24.917
 -83.090
  54.995
 -40.320
 102.685
 -52.486
   5.338
  60.952
  30.613
  87.285
   0.364
 -28.466
 -87.752
  85.547
  12.969
 -17.347
  -5.433
-119.063
  13.018
  33.504
 -20.614
  -2.109
 -81.248
  34.132
 -92.899
-181.986
  50.633
-103.042
 -35.080
-111.171
 -17.405
  30.833
  93.826
  45.171
 -55.704
 -36.509
  90.969
  30.029
   9.964
 -51.991
 -49.832
 128.151
  66.624
  -2.549
  69.547
  -9.351
 -26.550
 140.868
-109.670
-204.608
-196.890
-218.796
  25.659
  16.377
  20.101
 -28.613
 -47.256
 103.181
 -36.548
  87.196
 153.074
 -33.746
-106.091
 -69.898
  70.077
  19.377
 -64.979
  19.847
  94.244
  18.420
 -35.455
  26.484
 -51.241
  -6.494
-123.797
  95.821
 -28.926
  29.670
 -16.878
  39.425
  -8.576
  33.000
   5.936
  31.326
-108.762
  15.713
 -66.375
 -58.968
  -8.330
 -59.452
-108.116
  59.738
  -1.278
-101.080
  13.724
  33.353
 -88.222
   0.082
  65.996
 -57.702
 -86.577
  30.154
 105.786
 -70.099
-136.553
 -92.263
 183.836
  29.478
  -6.638
-135.647
 111.781
  86.192
 -98.265
-171.710
 -69.852
 -34.437
 -13.948
 132.975
  72.948
  19.438
 -82.133
  29.602
  85.797
  10.747
  29.748
  71.787
 -35.498
  36.347
 119.494
  97.172
-108.927
-209.660
  71.473
 -45.546
  62.472
   8.167
 -55.412
  68.244
 115.343
 -28.439
  13.304
 -40.508
  53.611
   3.877
 -48.832
 102.022
  93.176
 118.437
 131.800
  28.923
 -85.067
 -84.984
 -38.416
  63.944
  61.117
  84.138
 -64.182
 -36.093
   4.107
  17.076
 143.293
  79.201
  67.453
 -79.394
 176.038
 -62.766
  73.506
-159.255
  49.562
 -68.463
 -16.132
 -56.385
  36.354
 -90.522
 -11.154
 -19.160
 -89.298
-101.381
 -65.268
 -58.612
-191.769
 -55.221
 -27.983
-147.071
 -10.836
   9.756
 -62.405
 -62.884
 -21.970
 -67.338
-124.935
 -68.643
 -75.891
  71.098
 -66.651
  95.128
  24.419
 -16.774
 -65.013
  63.374
-113.037
  15.873
  26.550
 -27.749
  31.015
 -29.095
  17.169
 -35.083
  39.203
  12.423
   8.431
  92.982
  19.184
 -21.903
 -20.937
 169.524
 -30.789
  65.169
-125.828
 -38.138
  28.615
-106.400
  45.971
 -36.908
-106.618
  52.372
   5.481
  58.526
-135.555
  77.881
 223.357
 -66.318
 125.821
  61.125
-111.515
 -37.299
 -17.397
 -12.747
  84.174
-114.612
 -39.711
 -74.369
 208.006
 -14.370
 -10.282
 -42.411
  -4.031
 -90.043
  81.915
 -33.753
 -39.271
   0.523
-169.208
 141.080
 -55.258
  73.462
 -45.651
  -8.359
  54.760
-105.689
 -21.849
  41.269
 166.669
 -24.037
 -35.467
 -68.160
-102.073
  29.345
 -50.318
 -34.492
 -75.213
 -47.580
 -33.206
 -28.546
 -59.802
 123.316
 -74.311
  24.666
 -24.320
 -72.761
  83.923
  99.579
 -82.850
-115.391
 -22.195
  65.537
   6.578
 -38.513
  85.459
  -1.351
  22.827
  96.733
  11.319
  -5.672
 -62.092
   7.761
 -76.332
  81.684
  91.899
 -27.383
  70.806
  50.634
 -54.594
  10.283
 -90.010
 126.676
 161.796
  34.073
  -1.658
  42.532
 -91.095
  20.170
 -82.462
 -50.125
 132.668
 133.931
 -23.823
  -7.391
 -48.679
 -60.082
 -45.265
  30.061
 -61.887
 -65.229
   4.901
  -8.612
 176.896
 -20.424
 -44.361
-126.236
 -66.374
  93.704
-127.778
 -39.081
  -8.557
  86.682
   4.646
  84.131
  46.479
 -87.807
  61.992
 -56.991
 168.458
 -68.458
-200.818
-165.908
  90.196
 244.992
 -10.075
 125.325
 155.386
  30.604
 -42.809
  -7.267
   4.565
-112.753
-104.796
  36.095
  34.427
 -61.641
 -23.721
 -41.618
  -8.388
  22.513
 -52.269
  85.552
 -13.910
  37.496
-138.729
  88.332
 -55.805
  -0.384
 -38.952
 -88.580
 -63.564
  63.839
 -79.739
-154.440
  60.283
  40.959
  14.123
 -77.779
 -64.452
 -17.290
  -1.560
 -31.171
 -46.649
  67.236
   9.541
 -95.179
  28.362
  90.598
 -31.382
  26.812
 185.448
 -56.945
  23.111
 -13.060
 -69.449
 -94.278
  45.709
 134.300
  54.128
 -43.455
-134.282
  15.855
   5.282
 -60.072
  71.977
  32.673
 -68.941
 -21.174
 -10.875
 -11.251
  45.465
  30.440
  21.052
 -31.659
 -14.180
 -43.258
  59.626
  59.061
 -56.064
  67.453
 -12.968
  88.135
  18.350
 -45.591
   4.949
  30.325
 -18.895
 152.259
  40.494
 -26.549
 -17.241
 156.987
 -63.766
   6.713
-139.452
 -22.749
  24.286
 -47.465
-136.093
  39.202
-186.216
 128.734
 -19.027
 122.393
   9.527
 -51.283
 -15.127
  66.898
  26.684
 -72.328
 -15.617
 -63.031
 -30.744
 -54.625
  62.397
 102.900
 180.066
  22.127
 179.736
  38.272
  41.674
  14.091
 -36.257
  11.024
 -10.644
 -44.742
 -35.079
  81.057
 111.163
-112.768
 -61.979
   5.575
 -62.771
 108.328
  -3.081
  11.488
  51.827
 -20.709
  31.631
-132.304
  76.300
  66.052
-185.873
 183.141
 225.569
   5.121
  30.755
 -38.380
  17.893
 -37.023
  33.734
  31.713
  -1.441
  44.143
 -58.512
 -12.390
 -66.521
  -1.404
 -27.178
  77.979
 -56.993
 -64.625
  78.810
 -71.823
 111.369
  66.252
  43.624
   6.542
 -36.502
 -29.596
 -16.896
  84.420
 -62.628
 -29.475
 -71.413
-103.372
  80.445
  96.280
  35.237
 -43.279
  36.890
  41.666
  59.377
-114.975
 -52.679
  85.526
  63.332
 -23.738
  51.967
  12.681
  30.181
 -21.892
  90.542
 -85.297
  51.679
  17.485
  18.287
  31.047
  10.004
   1.969
 -22.262
 -49.733
  45.759
 -39.903
  31.904
 -52.688
  91.622
 -13.402
 -74.110
 -73.464
  48.767
 -31.995
  53.452
 161.533
   5.823
 -99.832
  83.143
 -15.152
  30.546
  -5.008
 -55.820
 -46.264
  91.456
  82.035
  -5.336
  21.046
 -50.233
 115.427
  75.075
  82.204
  20.306
 -14.361
  19.331
-164.005
-251.436
 -69.372
 113.788
  71.881
  91.790
 105.932
 -56.048
 -69.043
  63.340
 -29.603
 -88.824
  10.287
  24.305
 -26.241
-123.015
  18.895
 -22.563
 131.396
 -59.699
  27.217
  14.917
 -64.569
 -46.526
  95.179
-152.334
   2.556
 128.579
 -54.729
 -95.975
   1.392
 -86.728
  97.369
 -32.798
-107.990
 -38.063
  89.693
  72.234
  -2.563
  83.477
   3.890
 -60.677
 -10.927
  29.057
-181.945
 -13.773
  79.797
 -63.813
  -4.878
  39.699
-100.743
 -51.644
 -35.844
  13.912
  23.481
 -82.068
  -2.633
  55.584
 -26.420
 -58.839
 -25.588
-109.018
  19.883
 -62.662
 -26.778
  82.505
 -41.616
 -76.343
 -86.522
-151.586
  36.392
 -43.477
  -9.512
  -2.672
-161.697
 -49.305
  73.375
 -31.518
 -28.300
  49.842
   2.676
 132.889
  10.251
 -65.642
  29.096
  22.969
  79.491
  72.145
  74.483
 -47.457
 -32.690
  88.824
  10.162
  85.975
 -16.132
 -38.099
 -40.569
 -38.178
  -5.954
 -47.640
 120.527
  58.143
 -36.224
   6.664
 -21.096
-100.197
  45.534
 146.880
  21.567
  21.048
 -79.542
   3.099
  33.902
 -17.882
  61.590
 -36.945
 107.280
  37.908
  35.844
  24.046
  65.974
  28.466
  13.160
 -51.395
 183.378
  77.060
 -61.865
 -31.552
  13.339
   3.507
   7.779
  11.984
  16.917
  90.946
-110.056
-190.221
 -33.918
 -51.291
 143.246
  -1.358
  11.691
 101.981
 -15.840
 128.376
 -89.789
 154.354
 129.475
-106.588
  -9.543
  -7.513
  21.711
-151.561
-120.732
 -38.669
-172.319
 -12.929
  19.786
 -43.803
 200.132
-126.487
  -4.525
 -11.536
 -15.696
-102.003
 155.013
   1.149
 -99.403
  30.197
-101.644
  73.251
 109.915
-276.098
 127.800
 167.341
  64.368
 -58.936
 -22.794
-164.238
 -65.995
 116.945
  44.900
  -8.913
-109.495
  38.305
 -21.482
 -19.470
  -6.954
   5.261
 -36.088
 -92.852
 -21.233
   6.119
  31.351
 -62.090
   1.730
  73.936
  19.702
  46.831
 -59.191
  68.049
  11.548
 -64.581
  10.522
 -95.734
  20.210
 -26.950
  76.115
  37.395
 -16.791
  21.351
   3.022
  59.042
-108.297
  39.112
 143.702
 -55.452
-111.408
  11.056
 -74.043
 -41.725
 162.287
  39.525
  68.459
 -11.808
 -48.692
  54.960
 -96.171
  67.562
   3.820
  24.133
 -59.569
  -8.081
  67.295
  -2.514
 188.325
  48.011
  30.511
  72.530
 220.498
 167.418
 -82.037
  50.870
  -3.862
 110.477
 -43.104
  29.610
  26.482
  56.648
  69.317
 -66.192
  24.266
  53.292
  22.106
 -63.411
 -63.597
  63.574
  68.985
 -39.160
-198.102
-143.136
-109.498
  27.295
  66.625
  72.679
  52.849
 -35.511
   7.287
 -37.707
 -41.558
  46.662
 -37.522
  -6.921
 -35.586
 -75.751
 -36.310
 -22.728
 -51.121
 -62.948
-110.256
 -72.013
  44.470
  12.128
 -18.482
  11.876
   3.827
 -87.646
 -61.591
 -92.396
 -33.917
  57.623
 -20.312
 -29.510
 -11.033
 -11.495
 -94.946
 -16.036
  56.838
 -23.203
 -60.976
 -89.142
 -93.718
 -73.978
 -41.773
  11.937
  60.503
  68.746
 -45.789
  15.593
  46.688
  83.585
  30.358
 -51.020
  -5.511
  41.958
  13.325
 -93.269
   0.800
  74.303
 -35.735
 117.308
  26.405
  64.395
 -49.134
   2.267
 -25.615
 -18.170
 -26.148
  64.736
  74.586
 -27.321
  -3.415
  -1.156
 -83.137
  15.107
  94.125
 -89.562
 -13.909
   4.073
  -3.264
 -40.915
 -82.836
 -42.596
 100.342
 112.950
  -8.767
  31.879
 -31.718
 -87.774
 -47.908
  43.702
 -39.194
-143.976
 -47.790
 159.125
 -83.794
  47.250
 -79.378
  11.085
 120.459
 208.090
  48.857
 -83.855
  38.347
  55.359
-114.074
 -61.283
 125.145
 -64.504
 -71.749
  32.111
 -97.046
  85.804
 -34.584
 -50.461
  71.902
 -88.995
  -6.225
  56.004
  58.724
 -25.982
 -41.881
 136.958
  29.673
  92.918
 -50.101
 -36.541
 -74.696
 -51.367
 -62.690
 -36.452
 -19.645
-130.750
 -37.485
 127.046
-142.388
 -74.967
 -82.340
 -96.000
 -88.368
  45.448
 -56.893
 -58.807
  75.483
 -91.776
  80.261
  18.863
  50.278
 -61.042
  68.733
  48.349
  40.702
  39.168
 -76.238
  83.902
 118.134
  50.186
 -56.278
 -32.920
 -26.263
  49.724
 -10.698
  56.349
  -5.090
  10.526
 -94.541
 -96.200
  44.788
  23.795
  38.978
 -11.506
 -26.880
  20.650
 -11.801
  41.226
 106.503
-112.401
 -34.867
  61.448
 -10.485
  17.505
 -24.254
 136.338
-120.041
  26.231
 -79.517
 139.176
  20.498
  18.929
-133.118
 -76.678
 -33.539
 -54.152
  25.678
   9.741
 -12.305
 -14.316
  40.696
 -56.774
 -12.409
  10.489
 -89.100
  50.891
  53.022
 -71.708
 119.259
 184.890
  85.968
  11.541
-107.425
  19.389
  35.956
  41.864
 105.510
 -24.829
  10.054
-139.536
   9.492
  63.707
  13.328
  38.593
   2.154
 -37.613
   3.346
 -96.554
 -61.948
  31.629
 152.754
  89.298
  68.766
-116.120
 101.017
 -52.620
 180.826
  47.959
 168.104
  24.245
 101.366
 100.491
 -25.470
  30.702
 -57.408
 -33.021
  27.290
 -16.196
 -28.986
 -50.418
-107.376
  99.504
  15.200
   7.224
  23.151
 -49.546
-103.068
-141.662
 119.432
  46.693
 137.070
  -4.380
 -42.828
 131.761
 -56.642
 -25.295
  60.118
   6.885
  68.924
  24.617
 -35.146
  41.501
  -3.162
  48.316
  -9.028
 -53.523
  -8.175
  15.162
  -6.182
 -29.537
 -99.308
   8.657
  42.482
 -59.096
 -86.878
  -7.399
  58.504
  53.639
 -16.809
 -21.723
  67.412
-117.700
  66.371
-105.502
  10.629
  64.672
  15.211
 -40.485
-136.835
  35.597
  12.457
 -34.187
  33.616
  -0.038
  60.208
 -33.010
 -44.827
 -43.672
  86.725
 -33.161
 103.523
  35.074
  32.799
  37.053
 -25.468
 -93.394
-122.000
  50.077
 -22.563
  70.486
  -5.827
 -11.949
 -39.709
  47.247
  45.820
  13.553
 -58.196
 -85.099
  37.177
 -36.841
 -76.142
  54.914
 -62.399
   8.878
  -5.682
  44.752
  30.361
  40.607
  11.065
  51.627
  13.442
 -39.909
  32.940
 109.541
  31.198
 -94.828
 158.934
 -76.377
-131.451
  58.933
  87.725
  66.018
 -56.548
-133.934
  38.846
   1.607
   6.370
 -94.564
  46.080
  -3.059
  25.056
  35.663
-130.287
   7.507
 159.938
 -60.410
  58.040
  56.327
  21.119
   7.873
  95.633
  -4.178
-157.702
 -37.821
  53.272
 -51.551
  45.589
  28.914
   6.134
  -4.241
 -43.922
 136.549
   8.345
 137.874
 117.348
  16.175
-109.905
  57.474
  44.425
-116.062
 -19.925
  26.344
 -14.020
-102.844
 104.617
  94.037
   8.085
  12.279
  90.563
  32.562
  19.636
  37.352
  29.744
 -15.911
-200.934
 100.688
-129.346
  96.645
   8.914
 -68.680
-156.803
 -56.662
 -56.012
   8.003
  90.246
 148.003
  67.390
-127.440
   1.277
   3.307
 -20.407
  67.814
  -4.592
-138.314
   4.176
  12.703
   6.501
  33.731
 -23.920
 145.172
 -50.483
-146.201
  30.721
 -84.993
-160.273
  62.380
   5.783
 -25.239
  -2.691
  72.659
 -53.387
 -28.157
 -95.212
 -29.112
 -57.490
 113.121
  60.323
   6.415
  23.057
 134.063
  89.762
  -5.548
  -8.750
-137.159
  23.133
  94.522
  -9.908
  91.485
  -1.073
 103.071
 101.319
 114.824
 -52.195
   7.536
 -16.271
   3.732
 -58.157
 -40.897
 -51.886
 -60.940
-122.240
 107.731
  92.801
 -14.020
  38.573
   6.808
 -91.559
 -54.922
 128.816
 154.277
 -39.281
  34.468
 -61.356
 -42.052
  80.713
 -21.340
  58.289
   1.261
  49.308
  97.799
 -51.238
  87.016
 -79.671
  53.388
-119.256
 -60.258
 -33.046
  61.597
 -48.927
 -28.806
  20.144
   6.061
  97.346
 -52.953
 -71.522
-149.242
  15.889
   2.426
 -69.525
 122.472
 -31.650
  46.344
 -75.861
  89.641
  30.736
 -10.196
  51.048
 -19.853
  26.831
  43.521
 -19.115
  -1.130
-169.043
 -52.437
  43.309
-104.479
  36.360
 143.718
 -54.127
 -19.419
 111.085
 137.434
  87.055
 226.276
  38.776
  45.820
 -49.335
-141.391
  26.238
  22.292
-184.938
  74.485
  31.894
  25.057
-137.131
  11.715
 -67.349
-101.529
  85.091
 -15.223
-106.145
 -36.657
 -39.747
  20.424
 -28.921
 -82.716
 153.900
  42.861
 176.354
 -38.396
 -14.037
 -12.939
 -41.541
 165.729
  29.856
-107.875
 -97.691
 169.069
 -88.881
  -5.214
 133.429
 111.307
  86.761
 -71.345
  25.215
 130.957
-138.796
  37.936
 -70.225
  32.280
  63.535
  93.072
 -38.107
 -56.781
 193.451
 133.391
 -78.207
-147.499
-288.482
  76.984
 -51.319
 -89.602
 106.171
  -2.882
  -7.308
-124.260
 216.132
  57.254
 -60.592
  58.081
 -32.700
  49.329
 161.262
  49.914
 -93.112
 -53.973
  36.989
  63.902
 -26.428
 -17.291
 -70.283
   3.533
 129.424
 -18.281
   8.931
  -5.785
  85.879
  75.988
  38.422
 -76.151
-114.733
 -57.946
-119.745
 -35.311
 -59.536
 -99.130
 -64.171
 -12.355
 -36.069
  11.425
  94.743
 -23.087
 117.180
 -50.657
-104.735
  84.003
-106.011
 -74.950
  27.183
  31.713
 -25.728
 -60.236
  -5.654
 -84.511
-174.238
 -11.461
  26.706
  13.864
  89.082
 -11.362
  36.645
  53.413
  23.516
  45.773
-126.468
 -56.185
  54.754
 -96.283
  26.530
  26.706
   7.480
 -47.536
 -54.068
 -27.912
  26.031
  45.142
 -68.240
  98.769
   4.204
 105.836
 -37.460
 -88.276
  82.004
  18.204
  75.645
 -35.386
 102.559
  86.136
  42.142
  48.625
   8.583
  73.232
  -3.572
 -18.850
-125.887
 -11.176
 -18.321
 -54.127
  80.328
 -99.501
 -38.657
  44.884
 -75.622
  -5.162
 -84.941
 -41.764
-169.104
 -80.711
 -66.742
 -79.904
 -27.998
  45.914
 -12.673
 -71.652
  92.030
  -0.595
   8.623
